RESULT_COUNT: 532,PAGE_SIZE: 10000,CURRENT_PAGE: 1,TOTAL_PAGES: 1,API_CALL_CREDITS: 1
DATE,OPEN,HIGH,LOW,CLOSE,VOLUME,EX_DIVIDEND,SPLIT_RATIO,ADJ_OPEN,ADJ_HIGH,ADJ_LOW,ADJ_CLOSE,ADJ_VOLUME,ADJ_FACTOR
2018-09-04,17.18,17.47,17.18,17.24,10905.0,0.113,1.0,17.18,17.47,17.18,17.24,10905.0,0.993464430306536
2018-09-03,17.05,17.31,17.05,17.29,35717.0,0.0,1.0,16.93856853672644,17.196869288606138,16.93856853672644,17.177000000000007,35717.0,1.0
2018-09-02,16.88,17.07,16.85,17.05,10913.0,0.0,1.0,16.769679583574327,16.95843782533257,16.739875650665134,16.93856853672644,10913.0,1.0
2018-08-30,16.73,16.95,16.73,16.88,13206.0,0.0,1.0,16.62065991902835,16.839222093695785,16.62065991902835,16.769679583574327,13206.0,1.0
2018-08-29,16.36,16.96,16.32,16.73,8051.0,0.0,1.0,16.253078079814927,16.84915673799885,16.21333950260267,16.62065991902835,8051.0,1.0
2018-08-28,16.1,16.4,16.1,16.37,26649.0,0.0,1.0,15.99477732793523,16.29281665702719,15.99477732793523,16.263012724117996,26649.0,1.0
2018-08-27,16.89,17.05,15.71,15.96,48069.0,0.0,1.0,16.779614227877392,16.93856853672644,15.607326200115681,15.855692307692316,48069.0,1.0
2018-08-26,17.01,17.06,16.32,16.89,9525.0,0.0,1.0,16.898829959514178,16.9485031810295,16.21333950260267,16.779614227877392,9525.0,1.0
2018-08-22,16.74,16.74,16.36,16.66,8140.0,0.0,1.0,16.63059456333141,16.63059456333141,16.253078079814927,16.55111740890689,8140.0,1.0
2018-08-21,16.25,16.79,16.26,16.74,21102.0,0.0,1.0,16.14379699248121,16.680267784846738,16.153731636784276,16.63059456333141,21102.0,1.0
2018-08-20,16.17,16.45,16.17,16.25,63430.0,0.0,1.0,16.06431983805669,16.342489878542516,16.06431983805669,16.14379699248121,63430.0,1.0
2018-08-19,16.0,16.41,16.0,16.17,8595.0,0.0,1.0,15.895430884904576,16.302751301330254,15.895430884904576,16.06431983805669,8595.0,1.0
2018-08-16,16.11,16.25,16.2,16.23,626.0,0.0,1.0,16.004711972238294,16.14379699248121,16.094123770965883,16.12392770387508,626.0,1.0
2018-08-15,16.29,16.32,16.05,16.11,12560.0,0.0,1.0,16.18353556969347,16.21333950260267,15.945104106419903,16.004711972238294,12560.0,1.0
2018-08-14,16.43,16.36,16.23,16.29,1005.0,0.0,1.0,16.322620589936385,16.253078079814927,16.12392770387508,16.18353556969347,1005.0,1.0
2018-08-13,16.64,16.57,16.22,16.43,5167.0,0.0,1.0,16.53124812030076,16.4617056101793,16.113993059572014,16.322620589936385,5167.0,1.0
2018-08-12,16.68,16.69,16.4,16.64,1045.0,0.0,1.0,16.57098669751302,16.580921341816087,16.29281665702719,16.53124812030076,1045.0,1.0
2018-08-09,16.88,17.0,16.65,16.68,10731.0,0.0,1.0,16.769679583574327,16.888895315211112,16.54118276460382,16.57098669751302,10731.0,1.0
2018-08-08,16.83,16.96,16.8,16.88,2641.0,0.0,1.0,16.720006362059,16.84915673799885,16.690202429149807,16.769679583574327,2641.0,1.0
2018-08-07,16.95,17.0,16.71,16.83,10330.0,0.0,1.0,16.839222093695785,16.888895315211112,16.600790630422217,16.720006362059,10330.0,1.0
2018-08-06,16.91,17.0,16.8,16.95,2551.0,0.0,1.0,16.799483516483523,16.888895315211112,16.690202429149807,16.839222093695785,2551.0,1.0
2018-08-05,17.0,17.0,16.8,16.91,3367.0,0.0,1.0,16.888895315211112,16.888895315211112,16.690202429149807,16.799483516483523,3367.0,1.0
2018-08-02,17.52,17.4,16.65,16.86,16874.0,0.0,1.0,17.40549681897051,17.286281087333723,16.54118276460382,16.749810294968196,16874.0,1.0
2018-08-01,18.0,18.0,17.31,17.52,6832.0,0.0,1.0,17.882359745517647,17.882359745517647,17.196869288606138,17.40549681897051,6832.0,1.0
2018-07-31,17.67,17.7,17.55,17.61,2697.0,0.0,1.0,17.554516483516494,17.584320416425687,17.43530075187971,17.494908617698098,2697.0,1.0
2018-07-30,17.5,17.81,17.5,17.67,2112.0,0.0,1.0,17.38562753036438,17.693601503759403,17.38562753036438,17.554516483516494,2112.0,1.0
2018-07-29,17.58,17.67,17.6,17.63,5561.0,0.0,1.0,17.4651046847889,17.554516483516494,17.484973973395036,17.51477790630423,5561.0,1.0
2018-07-26,17.3,17.76,17.5,17.58,28313.0,0.0,1.0,17.186934644303072,17.64392828224408,17.38562753036438,17.4651046847889,28313.0,1.0
2018-07-25,16.53,17.37,16.95,17.3,10810.0,0.0,1.0,16.42196703296704,17.25647715442453,16.839222093695785,17.186934644303072,10810.0,1.0
2018-07-24,16.67,16.72,16.44,16.53,32050.0,0.0,1.0,16.561052053209956,16.61072527472528,16.332555234239454,16.42196703296704,32050.0,1.0
2018-07-23,16.4,16.89,16.4,16.67,7558.0,0.0,1.0,16.29281665702719,16.779614227877392,16.29281665702719,16.561052053209956,7558.0,1.0
2018-07-19,16.45,16.47,16.06,16.4,1914.0,0.0,1.0,16.342489878542516,16.362359167148647,15.955038750722967,16.29281665702719,1914.0,1.0
2018-07-18,16.38,16.5,16.34,16.45,3354.0,0.0,1.0,16.272947368421057,16.392163100057843,16.2332087912088,16.342489878542516,3354.0,1.0
2018-07-17,16.29,16.5,16.3,16.38,2965.0,0.0,1.0,16.18353556969347,16.392163100057843,16.193470213996537,16.272947368421057,2965.0,1.0
2018-07-16,15.85,16.45,15.97,16.29,52103.0,0.0,1.0,15.746411220358596,16.342489878542516,15.865626951995381,16.18353556969347,52103.0,1.0
2018-07-15,16.04,16.0,15.75,15.85,12560.0,0.0,1.0,15.935169462116836,15.895430884904576,15.647064777327941,15.746411220358596,12560.0,1.0
2018-07-12,15.72,16.06,15.69,16.04,44200.0,0.0,1.0,15.617260844418746,15.955038750722967,15.587456911509548,15.935169462116836,44200.0,1.0
2018-07-11,15.95,15.9,15.38,15.73,28462.0,0.0,1.0,15.845757663389248,15.796084441873923,15.279482938114525,15.627195488721812,28462.0,1.0
2018-07-10,16.46,16.16,15.71,15.95,86105.0,0.0,1.0,16.352424522845585,16.05438519375362,15.607326200115681,15.845757663389248,86105.0,1.0
2018-07-09,16.72,16.68,16.2,16.46,2276.0,0.0,1.0,16.61072527472528,16.57098669751302,16.094123770965883,16.352424522845585,2276.0,1.0
2018-07-08,17.0,16.74,16.67,16.72,1888.0,0.0,1.0,16.888895315211112,16.63059456333141,16.561052053209956,16.61072527472528,1888.0,1.0
2018-07-05,17.0,17.0,17.0,17.0,608.0,0.0,1.0,16.888895315211112,16.888895315211112,16.888895315211112,16.888895315211112,608.0,1.0
2018-07-04,17.16,17.0,17.0,17.0,907.0,0.0,1.0,17.047849624060156,16.888895315211112,16.888895315211112,16.888895315211112,907.0,1.0
2018-07-03,17.39,17.39,17.05,17.16,4972.0,0.0,1.0,17.27634644303066,17.27634644303066,16.93856853672644,17.047849624060156,4972.0,1.0
2018-07-02,17.8,17.75,17.0,17.28,4307.0,0.0,1.0,17.68366685945634,17.633993637941014,16.888895315211112,17.16706535569694,4307.0,1.0
2018-07-01,17.87,17.93,17.68,17.8,2267.0,0.0,1.0,17.7532093695778,17.81281723539619,17.564451127819556,17.68366685945634,2267.0,1.0
2018-06-28,17.85,17.88,17.8,17.87,3690.0,0.0,1.0,17.73334008097167,17.76314401388086,17.68366685945634,17.7532093695778,3690.0,1.0
2018-06-27,17.91,17.96,17.85,17.89,2642.0,0.0,1.0,17.792947946790058,17.84262116830539,17.73334008097167,17.77307865818393,2642.0,1.0
2018-06-26,17.92,18.03,17.6,17.91,4929.0,0.0,1.0,17.802882591093127,17.912163678426843,17.484973973395036,17.792947946790058,4929.0,1.0
2018-06-25,17.77,18.24,17.7,17.92,6730.0,0.0,1.0,17.653862926547145,18.120791208791214,17.584320416425687,17.802882591093127,6730.0,1.0
2018-06-24,17.97,18.0,17.71,17.77,7399.0,0.0,1.0,17.85255581260845,17.882359745517647,17.594255060728752,17.653862926547145,7399.0,1.0
2018-06-21,18.13,18.13,17.62,17.97,66836.0,0.0,1.0,18.011510121457498,18.011510121457498,17.504843262001163,17.85255581260845,66836.0,1.0
2018-06-20,17.93,18.2,17.9,17.96,32314.0,0.0,1.0,17.81281723539619,18.081052631578952,17.783013302486992,17.84262116830539,32314.0,1.0
2018-06-19,17.94,18.2,17.85,17.93,28238.0,0.0,1.0,17.822751879699258,18.081052631578952,17.73334008097167,17.81281723539619,28238.0,1.0
2018-06-18,17.93,18.05,17.88,17.94,9555.0,0.0,1.0,17.81281723539619,17.932032967032974,17.76314401388086,17.822751879699258,9555.0,1.0
2018-06-17,17.89,18.0,17.92,17.93,17077.0,0.0,1.0,17.77307865818393,17.882359745517647,17.802882591093127,17.81281723539619,17077.0,1.0
2018-06-14,17.51,17.97,17.46,17.89,14021.0,0.0,1.0,17.395562174667447,17.85255581260845,17.34588895315212,17.77307865818393,14021.0,1.0
2018-06-13,17.0,18.48,17.0,17.92,61019.0,0.0,1.0,16.888895315211112,18.359222672064785,16.888895315211112,17.802882591093127,61019.0,1.0
2018-06-12,17.21,17.28,17.0,17.0,13995.0,0.0,1.0,17.097522845575487,17.16706535569694,16.888895315211112,16.888895315211112,13995.0,1.0
2018-06-11,17.26,17.21,17.2,17.21,730.0,0.0,1.0,17.147196067090814,17.097522845575487,17.087588201272418,17.097522845575487,730.0,1.0
2018-06-10,17.26,17.26,17.2,17.26,6045.0,0.0,1.0,17.147196067090814,17.147196067090814,17.087588201272418,17.147196067090814,6045.0,1.0
2018-06-07,17.0,17.78,17.0,17.26,6963.0,0.0,1.0,16.888895315211112,17.66379757085021,16.888895315211112,17.147196067090814,6963.0,1.0
2018-06-06,17.1,17.27,17.1,17.21,720.0,0.0,1.0,16.988241758241767,17.157130711393876,16.988241758241767,17.097522845575487,720.0,1.0
2018-06-05,16.99,17.24,16.99,17.1,15387.0,0.0,1.0,16.878960670908043,17.12732677848468,16.878960670908043,16.988241758241767,15387.0,1.0
2018-06-04,16.74,17.0,16.74,16.95,7559.0,0.0,1.0,16.63059456333141,16.888895315211112,16.63059456333141,16.839222093695785,7559.0,1.0
2018-06-03,16.32,16.75,16.62,16.68,3402.0,0.0,1.0,16.21333950260267,16.64052920763448,16.51137883169463,16.57098669751302,3402.0,1.0
2018-05-31,16.0,16.49,16.0,16.32,18692.0,0.182,1.0,15.895430884904576,16.382228455754777,15.895430884904576,16.21333950260267,18692.0,0.988617886178862
2018-05-30,15.33,16.17,15.47,15.99,13523.0,0.0,1.0,15.056462288930591,15.881473921200763,15.193964227642288,15.704685714285725,13523.0,1.0
2018-05-29,16.1,16.2,15.33,15.33,29983.0,0.0,1.0,15.812722951844915,15.910938622353267,15.056462288930591,15.056462288930591,29983.0,1.0
2018-05-28,16.43,16.17,15.61,16.1,93058.0,0.0,1.0,16.136834664522482,15.881473921200763,15.331466166353982,15.812722951844915,93058.0,1.0
2018-05-27,16.51,16.59,16.09,16.43,8150.0,0.0,1.0,16.215407200929164,16.293979737335846,15.802901384794078,16.136834664522482,8150.0,1.0
2018-05-24,16.6,16.61,16.45,16.51,11134.0,0.0,1.0,16.30380130438668,16.313622871437516,16.15647779862415,16.215407200929164,11134.0,1.0
2018-05-22,16.37,16.55,16.17,16.18,8692.0,0.0,1.0,16.07790526221747,16.254693469132505,15.881473921200763,15.891295488251597,8692.0,1.0
2018-05-21,16.3,16.42,16.3,16.37,2066.0,0.0,1.0,16.00915429286162,16.127013097471647,16.00915429286162,16.07790526221747,2066.0,1.0
2018-05-17,16.46,16.46,16.3,16.3,6974.0,0.0,1.0,16.166299365674988,16.166299365674988,16.00915429286162,16.00915429286162,6974.0,1.0
2018-05-16,16.47,16.55,16.35,16.46,2156.0,0.0,1.0,16.17612093272582,16.254693469132505,16.0582621281158,16.166299365674988,2156.0,1.0
2018-05-15,16.5,16.54,16.4,16.47,6080.0,0.0,1.0,16.20558563387833,16.24487190208167,16.107369963369973,16.17612093272582,6080.0,1.0
2018-05-14,16.57,16.55,16.4,16.5,4107.0,0.0,1.0,16.274336603234175,16.254693469132505,16.107369963369973,16.20558563387833,4107.0,1.0
2018-05-13,16.54,16.7,16.55,16.57,11002.0,0.0,1.0,16.24487190208167,16.402016974895034,16.254693469132505,16.274336603234175,11002.0,1.0
2018-05-10,16.72,16.84,16.43,16.54,17337.0,0.0,1.0,16.421660108996704,16.53951891360673,16.136834664522482,16.24487190208167,17337.0,1.0
2018-05-09,16.82,16.98,16.48,16.72,23625.0,0.0,1.0,16.51987577950506,16.677020852318424,16.185942499776658,16.421660108996704,23625.0,1.0
2018-05-08,16.79,16.9,16.7,16.82,6807.0,0.0,1.0,16.49041107835255,16.59844831591174,16.402016974895034,16.51987577950506,6807.0,1.0
2018-05-07,16.88,16.9,16.71,16.79,18851.0,0.0,1.0,16.578805181810072,16.59844831591174,16.411838541945873,16.49041107835255,18851.0,1.0
2018-05-06,16.83,17.1,16.75,16.88,10603.0,0.0,1.0,16.529697346555892,16.79487965692845,16.45112481014921,16.578805181810072,10603.0,1.0
2018-05-03,17.4,17.42,17.0,17.17,3268.0,0.0,1.0,17.08952666845351,17.109169802555183,16.696663986420095,16.863630626284298,3268.0,1.0
2018-05-02,17.29,17.69,17.29,17.4,10943.0,0.0,1.0,16.98148943089432,17.374352112927735,16.98148943089432,17.08952666845351,10943.0,1.0
2018-05-01,17.3,17.31,17.07,17.29,906.0,0.0,1.0,16.991310997945156,17.00113256499599,16.76541495577594,16.98148943089432,906.0,1.0
2018-04-30,17.3,17.31,16.41,17.3,63088.0,0.0,1.0,16.991310997945156,17.00113256499599,16.11719153042081,16.991310997945156,63088.0,1.0
2018-04-29,17.83,17.82,17.14,17.3,21404.0,0.0,1.0,17.51185405163943,17.502032484588593,16.834165925131792,16.991310997945156,21404.0,1.0
2018-04-26,17.9,17.9,17.74,17.83,10343.0,0.0,1.0,17.580605020995275,17.580605020995275,17.42345994818191,17.51185405163943,10343.0,1.0
2018-04-25,18.0,18.01,17.78,17.9,2337.0,0.0,1.0,17.67882069150363,17.688642258554466,17.462746216385256,17.580605020995275,2337.0,1.0
2018-04-24,17.91,18.05,17.81,18.0,15972.0,0.0,1.0,17.590426588046114,17.727928526757808,17.492210917537758,17.67882069150363,15972.0,1.0
2018-04-23,18.15,18.55,17.9,17.91,49848.0,0.0,1.0,17.82614419726616,18.219006879299574,17.580605020995275,17.590426588046114,49848.0,1.0
2018-04-22,18.62,18.98,17.76,18.15,8226.0,0.0,1.0,18.287757848655424,18.641334262485497,17.443103082283585,17.82614419726616,8226.0,1.0
2018-04-17,19.2,19.2,18.51,18.62,5678.0,0.0,1.0,18.857408737603873,18.857408737603873,18.179720611096236,18.287757848655424,5678.0,1.0
2018-04-16,19.4,19.49,19.11,19.2,11099.0,0.0,1.0,19.053840078620578,19.142234182078095,18.769014634146355,18.857408737603873,11099.0,1.0
2018-04-15,19.44,19.5,19.26,19.4,4525.0,0.0,1.0,19.093126346823922,19.152055749128934,18.916338139908888,19.053840078620578,4525.0,1.0
2018-04-12,19.27,19.5,19.24,19.44,4256.0,0.0,1.0,18.92615970695972,19.152055749128934,18.896695005807214,19.093126346823922,4256.0,1.0
2018-04-11,19.4,19.4,18.6,19.27,11403.0,0.0,1.0,19.053840078620578,19.053840078620578,18.268114714553754,18.92615970695972,11403.0,1.0
2018-04-10,18.83,19.46,18.37,19.14,27083.0,0.0,1.0,18.494010756722965,19.112769480925593,18.04221867238454,18.79847933529886,27083.0,1.0
2018-04-09,19.0,19.13,17.99,18.83,58381.0,0.0,1.0,18.660977396587164,18.788657768248026,17.668999124452792,18.494010756722965,58381.0,1.0
2018-04-08,20.98,20.98,18.8,19.13,19115.0,0.0,1.0,20.605647672652566,20.605647672652566,18.46454605557046,18.788657768248026,19115.0,1.0
2018-04-04,19.65,20.0,19.0,19.27,1540.0,0.0,1.0,19.299379254891463,19.6431341016707,18.660977396587164,18.92615970695972,1540.0,1.0
2018-04-03,19.77,20.18,19.59,19.65,5662.0,0.41,1.0,19.417238059501486,19.81992230858574,19.24044985258645,19.299379254891463,5662.0,0.979682854311199
2018-04-02,19.86,21.32,20.0,20.18,1019.0,0.0,1.0,19.109333392552003,20.514148435509,19.244041684342402,19.417238059501482,1019.0,1.0
2018-04-01,19.51,19.99,19.75,19.86,2441.0,0.0,1.0,18.772562663076013,19.23441966350023,19.00349116328812,19.109333392552003,2441.0,1.0
2018-03-29,19.09,19.55,19.15,19.51,12704.0,0.0,1.0,18.36843778770482,18.811050746444696,18.426169912757846,18.772562663076013,12704.0,1.0
2018-03-28,19.42,19.63,18.67,19.09,14565.0,0.0,1.0,18.685964475496473,18.888026913182067,17.964312912333632,18.36843778770482,14565.0,1.0
2018-03-27,20.0,20.0,19.35,19.42,30004.0,0.0,1.0,19.244041684342402,19.244041684342402,18.618610329601275,18.685964475496473,30004.0,1.0
2018-03-26,20.3,20.71,19.71,20.0,47027.0,0.0,1.0,19.532702309607537,19.927205164136556,18.965003079919438,19.244041684342402,47027.0,1.0
2018-03-25,20.78,20.78,20.0,20.3,10292.0,0.0,1.0,19.994559310031757,19.994559310031757,19.244041684342402,19.532702309607537,10292.0,1.0
2018-03-22,20.8,21.25,20.46,20.76,2531.0,0.0,1.0,20.0138033517161,20.446794289613802,19.686654643082278,19.975315268347416,2531.0,1.0
2018-03-21,20.78,20.85,20.78,20.8,4323.0,0.0,1.0,19.994559310031757,20.061913455926955,19.994559310031757,20.0138033517161,4323.0,1.0
2018-03-20,21.13,21.15,20.19,20.78,26954.0,0.0,1.0,20.331330039507744,20.35057408119209,19.426860080343655,19.994559310031757,26954.0,1.0
2018-03-19,21.45,21.49,20.6,21.13,11492.0,0.0,1.0,20.639234706457223,20.677722789825907,19.821362934872674,20.331330039507744,11492.0,1.0
2018-03-18,21.69,21.63,21.29,21.45,2713.0,0.0,1.0,20.870163206669336,20.812431081616307,20.485282372982486,20.639234706457223,2713.0,1.0
2018-03-15,21.74,21.9,21.5,21.69,2422.0,0.0,1.0,20.91827331088019,21.072225644354926,20.68734481066808,20.870163206669336,2422.0,1.0
2018-03-14,21.86,21.75,21.69,21.74,966.0,0.0,1.0,21.033737560986243,20.92789533172236,20.870163206669336,20.91827331088019,966.0,1.0
2018-03-13,21.86,22.0,21.8,21.86,797.0,0.0,1.0,21.033737560986243,21.168445852776642,20.976005435933217,21.033737560986243,797.0,1.0
2018-03-12,21.86,22.0,21.41,21.86,93932.0,0.0,1.0,21.033737560986243,21.168445852776642,20.60074662308854,21.033737560986243,93932.0,1.0
2018-03-11,21.52,22.2,21.7,21.86,2168.0,0.0,1.0,20.70658885235242,21.360886269620064,20.879785227511505,21.033737560986243,2168.0,1.0
2018-03-08,21.5,21.68,21.23,21.52,4756.0,0.0,1.0,20.68734481066808,20.860541185827163,20.42755024792946,20.70658885235242,4756.0,1.0
2018-03-07,21.6,21.5,21.35,21.5,3790.0,0.0,1.0,20.783565019089796,20.68734481066808,20.543014498035514,20.68734481066808,3790.0,1.0
2018-03-06,21.65,21.65,21.48,21.6,285.0,0.0,1.0,20.83167512330065,20.83167512330065,20.668100768983738,20.783565019089796,285.0,1.0
2018-03-05,21.46,21.47,20.71,21.46,8825.0,0.0,1.0,20.648856727299396,20.658478748141565,19.927205164136556,20.648856727299396,8825.0,1.0
2018-03-04,21.5,21.53,21.2,21.46,3549.0,0.0,1.0,20.68734481066808,20.716210873194594,20.398684185402946,20.648856727299396,3549.0,1.0
2018-02-28,21.05,21.51,20.43,21.5,13913.0,0.0,1.0,20.254353872770377,20.696966831510252,19.657788580555764,20.68734481066808,13913.0,1.0
2018-02-27,21.77,21.77,20.56,21.05,7883.0,0.0,1.0,20.947139373406703,20.947139373406703,19.782874851503987,20.254353872770377,7883.0,1.0
2018-02-26,21.49,21.59,21.2,21.24,2402.0,0.0,1.0,20.677722789825907,20.773942998247623,20.398684185402946,20.43717226877163,2402.0,1.0
2018-02-25,21.63,21.65,20.45,21.49,8756.0,0.0,1.0,20.812431081616307,20.83167512330065,19.677032622240105,20.677722789825907,8756.0,1.0
2018-02-22,20.7,22.0,20.3,21.63,21076.0,0.0,1.0,19.917583143294383,21.168445852776642,19.532702309607537,20.812431081616307,21076.0,1.0
2018-02-21,21.32,21.31,20.64,20.85,2189.0,0.0,1.0,20.514148435509,20.504526414666827,19.859851018241358,20.061913455926955,2189.0,1.0
2018-02-20,22.4,22.4,21.18,21.32,4564.0,0.0,1.0,21.55332668646349,21.55332668646349,20.379440143718604,20.514148435509,4564.0,1.0
2018-02-19,20.2,21.52,20.2,21.08,9634.0,0.0,1.0,19.436482101185824,20.70658885235242,19.436482101185824,20.283219935296888,9634.0,1.0
2018-02-18,19.02,20.45,19.02,20.2,14234.0,0.0,1.0,18.301083641809623,19.677032622240105,18.301083641809623,19.436482101185824,14234.0,1.0
2018-02-15,19.8,19.77,19.41,19.51,10467.0,0.0,1.0,19.051601267498977,19.022735204972463,18.6763424546543,18.772562663076013,10467.0,1.0
2018-02-14,20.02,20.0,19.61,19.8,8244.0,0.0,1.0,19.263285726026744,19.244041684342402,18.868782871497725,19.051601267498977,8244.0,1.0
2018-02-13,20.42,20.42,19.8,20.02,13544.0,0.0,1.0,19.648166559713594,19.648166559713594,19.051601267498977,19.263285726026744,13544.0,1.0
2018-02-12,20.0,20.51,20.0,20.38,4064.0,0.0,1.0,19.244041684342402,19.734764747293134,19.244041684342402,19.609678476344907,4064.0,1.0
2018-02-11,20.25,20.28,20.0,20.17,3580.0,0.0,1.0,19.48459220539668,19.513458267923195,19.244041684342402,19.407616038659313,3580.0,1.0
2018-02-08,20.47,20.5,20.1,20.25,4365.0,0.0,1.0,19.696276663924447,19.72514272645096,19.340261892764115,19.48459220539668,4365.0,1.0
2018-02-07,20.41,20.88,20.07,20.47,22267.0,0.0,1.0,19.63854453887142,20.090779518453466,19.3113958302376,19.696276663924447,22267.0,1.0
2018-02-06,20.5,20.6,19.36,20.41,176714.0,0.0,1.0,19.72514272645096,19.821362934872674,18.628232350443444,19.63854453887142,176714.0,1.0
2018-02-05,22.33,22.45,21.6,21.71,7177.0,0.0,1.0,21.48597254056829,21.601436790674345,20.783565019089796,20.889407248353677,7177.0,1.0
2018-02-04,22.6,22.6,21.5,22.13,11784.0,0.0,1.0,21.745767103306914,21.745767103306914,20.68734481066808,21.293532123724866,11784.0,1.0
2018-02-01,22.6,22.98,22.16,22.6,13321.0,0.0,1.0,21.745767103306914,22.11140389530942,21.32239818625138,21.745767103306914,13321.0,1.0
2018-01-31,22.42,22.69,22.01,22.6,10227.0,0.0,1.0,21.572570728147834,21.832365290886454,21.178067873618815,21.745767103306914,10227.0,1.0
2018-01-30,22.62,22.86,22.12,22.42,5550.0,0.0,1.0,21.765011144991256,21.995939645203364,21.283910102882697,21.572570728147834,5550.0,1.0
2018-01-29,22.88,22.88,22.5,22.62,30057.0,0.0,1.0,22.015183686887706,22.015183686887706,21.6495468948852,21.765011144991256,30057.0,1.0
2018-01-28,22.8,23.05,22.77,22.88,26600.0,0.0,1.0,21.93820752015034,22.178758041204617,21.909341457623825,22.015183686887706,26600.0,1.0
2018-01-25,22.78,22.85,21.71,22.71,18755.0,0.0,1.0,21.918963478465997,21.986317624361195,20.889407248353677,21.851609332570796,18755.0,1.0
2018-01-24,22.61,22.88,22.61,22.76,23057.0,0.0,1.0,21.755389124149083,22.015183686887706,21.755389124149083,21.899719436781655,23057.0,1.0
2018-01-23,22.82,22.8,22.6,22.61,9817.0,0.0,1.0,21.95745156183468,21.93820752015034,21.745767103306914,21.755389124149083,9817.0,1.0
2018-01-22,22.55,22.91,22.55,22.82,5258.0,0.0,1.0,21.697656999096058,22.04404974941422,21.697656999096058,21.95745156183468,5258.0,1.0
2018-01-21,22.85,22.85,22.67,22.81,4067.0,0.0,1.0,21.986317624361195,21.986317624361195,21.813121249202112,21.947829540992508,4067.0,1.0
2018-01-18,22.74,23.2,22.74,22.85,7785.0,0.0,1.0,21.88047539509731,22.323088353837186,21.88047539509731,21.986317624361195,7785.0,1.0
2018-01-17,23.32,23.33,23.03,23.21,8422.0,0.0,1.0,22.43855260394324,22.44817462478541,22.159513999520275,22.33271037467936,8422.0,1.0
2018-01-16,22.92,23.44,22.93,23.32,8089.0,0.0,1.0,22.053671770256393,22.554016854049294,22.063293791098562,22.43855260394324,8089.0,1.0
2018-01-15,22.72,23.13,22.64,22.92,6031.0,0.0,1.0,21.86123135341297,22.255734207941988,21.784255186675598,22.053671770256393,6031.0,1.0
2018-01-14,22.06,22.74,22.06,22.66,10686.0,0.0,1.0,21.226177977829668,21.88047539509731,21.226177977829668,21.80349922835994,10686.0,1.0
2018-01-11,22.22,22.34,22.0,22.06,14727.0,0.0,1.0,21.380130311304406,21.495594561410464,21.168445852776642,21.226177977829668,14727.0,1.0
2018-01-10,22.63,22.75,22.16,22.22,7737.0,0.0,1.0,21.774633165833425,21.890097415939483,21.32239818625138,21.380130311304406,7737.0,1.0
2018-01-09,22.87,23.42,22.4,22.63,12151.0,0.0,1.0,22.005561666045537,22.534772812364952,21.55332668646349,21.774633165833425,12151.0,1.0
2018-01-08,22.2,23.02,22.02,22.87,23228.0,0.0,1.0,21.360886269620064,22.149891978678102,21.187689894460984,22.005561666045537,23228.0,1.0
2018-01-07,23.22,23.56,22.2,22.23,31012.0,0.0,1.0,22.342332395521527,22.66948110415535,21.360886269620064,21.38975233214658,31012.0,1.0
2018-01-04,23.53,24.0,23.0,23.22,13719.0,0.0,1.0,22.640615041628838,23.092850021210882,22.13064793699376,22.342332395521527,13719.0,1.0
2018-01-03,24.05,24.05,23.4,23.53,16686.0,0.0,1.0,23.14096012542174,23.14096012542174,22.515528770680607,22.640615041628838,16686.0,1.0
2018-01-02,23.14,24.41,23.14,23.61,34705.0,0.0,1.0,22.26535622878416,23.4873528757399,22.26535622878416,22.717591208366205,34705.0,1.0
2018-01-01,22.22,23.49,22.23,23.14,22783.0,0.0,1.0,21.380130311304406,22.602126958260147,21.38975233214658,22.26535622878416,22783.0,1.0
2017-12-31,21.72,22.47,21.72,22.22,11236.0,0.0,1.0,20.899029269195847,21.620680832358687,20.899029269195847,21.380130311304406,11236.0,1.0
2017-12-28,20.85,21.91,20.85,21.72,13081.0,0.0,1.0,20.061913455926955,21.0818476651971,20.061913455926955,20.899029269195847,13081.0,1.0
2017-12-27,20.87,20.97,20.8,20.88,7486.0,0.0,1.0,20.081157497611297,20.177377706033006,20.0138033517161,20.090779518453466,7486.0,1.0
2017-12-26,20.76,20.9,20.72,20.87,14334.0,0.0,1.0,19.975315268347416,20.110023560137808,19.936827184978725,20.081157497611297,14334.0,1.0
2017-12-25,20.72,21.03,20.83,20.91,14793.0,0.0,1.0,19.936827184978725,20.235109831086035,20.04266941424261,20.11964558097998,14793.0,1.0
2017-12-24,20.77,20.89,20.24,20.72,27359.0,0.0,1.0,19.984937289189585,20.10040153929564,19.474970184554508,19.936827184978725,27359.0,1.0
2017-12-21,20.76,21.23,20.55,20.77,29114.0,0.0,1.0,19.975315268347416,20.42755024792946,19.773252830661818,19.984937289189585,29114.0,1.0
2017-12-20,20.81,21.28,20.6,20.76,29556.0,0.0,1.0,20.02342537255827,20.475660352140316,19.821362934872674,19.975315268347416,29556.0,1.0
2017-12-19,21.19,21.49,20.6,20.81,40583.0,0.0,1.0,20.389062164560777,20.677722789825907,19.821362934872674,20.02342537255827,40583.0,1.0
2017-12-18,21.01,21.24,20.58,21.19,18010.0,0.0,1.0,20.215865789401693,20.43717226877163,19.80211889318833,20.389062164560777,18010.0,1.0
2017-12-17,21.42,21.02,21.0,21.01,3121.0,0.0,1.0,20.610368643930713,20.225487810243862,20.20624376855952,20.215865789401693,3121.0,1.0
2017-12-14,21.61,21.56,21.25,21.42,8073.0,0.0,1.0,20.793187039931965,20.74507693572111,20.446794289613802,20.610368643930713,8073.0,1.0
2017-12-13,21.95,21.9,21.51,21.61,21500.0,0.0,1.0,21.120335748565786,21.072225644354926,20.696966831510252,20.793187039931965,21500.0,1.0
2017-12-12,21.9,22.1,21.88,21.95,45772.0,0.0,1.0,21.072225644354926,21.264666061198355,21.052981602670584,21.120335748565786,45772.0,1.0
2017-12-11,21.9,21.9,21.67,21.87,20986.0,0.0,1.0,21.072225644354926,21.072225644354926,20.850919164984994,21.043359581828415,20986.0,1.0
2017-12-10,21.76,21.85,21.83,21.85,3157.0,0.0,1.0,20.937517352564534,21.024115540144074,21.00487149845973,21.024115540144074,3157.0,1.0
2017-12-07,21.98,21.89,21.6,21.76,13405.0,0.0,1.0,21.1492018110923,21.062603623512757,20.783565019089796,20.937517352564534,13405.0,1.0
2017-12-06,21.61,22.01,21.61,21.98,15409.0,0.0,1.0,20.793187039931965,21.178067873618815,20.793187039931965,21.1492018110923,15409.0,1.0
2017-12-05,22.26,22.38,21.77,22.1,10145.0,0.0,1.0,21.418618394673093,21.534082644779147,20.947139373406703,21.264666061198355,10145.0,1.0
2017-12-04,22.0,22.38,21.78,22.26,33022.0,0.0,1.0,21.168445852776642,21.534082644779147,20.956761394248876,21.418618394673093,33022.0,1.0
2017-12-03,22.87,22.98,22.0,22.19,16342.0,0.0,1.0,22.005561666045537,22.11140389530942,21.168445852776642,21.351264248777895,16342.0,1.0
2017-11-30,22.91,23.0,22.72,22.87,17391.0,0.246,1.0,22.04404974941422,22.13064793699376,21.86123135341297,22.005561666045537,17391.0,0.989378238341969
2017-11-29,23.25,23.29,22.8,23.16,16217.0,0.0,1.0,22.133576920022147,22.171656192142613,21.70518510866688,22.047898557751093,16217.0,1.0
2017-11-27,22.92,23.2,21.4,23.01,259315.0,0.0,1.0,21.819422925028285,22.08597782987156,20.37241058445049,21.90510128729934,259315.0,1.0
2017-11-26,24.2,24.22,22.89,22.92,73273.0,0.0,1.0,23.037959632883265,23.0569992689435,21.790863470937932,21.819422925028285,73273.0,1.0
2017-11-23,23.27,24.03,22.99,23.97,46968.0,0.0,1.0,22.15261655608238,22.87612272637128,21.8860616512391,22.819003818190573,46968.0,1.0
2017-11-22,23.8,23.89,23.06,23.27,85543.0,0.0,1.0,22.657166911678583,22.742845273949637,21.952700377449922,22.15261655608238,85543.0,1.0
2017-11-21,22.49,23.0,22.29,22.84,18997.0,0.0,1.0,21.410070749733247,21.89558146926922,21.21967438913091,21.74326438078735,18997.0,1.0
2017-11-20,22.34,22.5,22.41,22.49,13916.0,0.0,1.0,21.267273479281496,21.41959056776337,21.333912205492314,21.410070749733247,13916.0,1.0
2017-11-19,22.06,22.5,22.1,22.34,13217.0,0.0,1.0,21.000718574438217,21.41959056776337,21.038797846558687,21.267273479281496,13217.0,1.0
2017-11-16,21.76,22.45,21.5,22.06,5968.0,0.0,1.0,20.715124033534707,21.37199147761278,20.467608764751663,21.000718574438217,5968.0,1.0
2017-11-15,21.96,21.96,21.6,21.76,11882.0,0.0,1.0,20.905520394137046,20.905520394137046,20.562806945052834,20.715124033534707,11882.0,1.0
2017-11-14,21.95,22.0,21.75,21.96,3923.0,0.0,1.0,20.89600057610693,20.943599666257516,20.70560421550459,20.905520394137046,3923.0,1.0
2017-11-09,22.9,23.04,22.25,22.36,10155.0,0.0,1.0,21.80038328896805,21.933660741389687,21.181595117010442,21.286313115341727,10155.0,1.0
2017-11-08,22.59,23.16,22.55,22.85,17894.0,0.0,1.0,21.505268930034422,22.047898557751093,21.467189657913952,21.752784198817466,17894.0,1.0
2017-11-07,21.88,22.65,21.88,22.59,6410.0,0.0,1.0,20.82936184989611,21.562387838215123,20.82936184989611,21.505268930034422,6410.0,1.0
2017-11-06,22.3,22.7,21.88,22.54,28440.0,0.0,1.0,21.229194207161026,21.609986928365707,20.82936184989611,21.457669839883835,28440.0,1.0
2017-11-05,22.65,22.7,22.24,22.3,11144.0,0.0,1.0,21.562387838215123,21.609986928365707,21.17207529898032,21.229194207161026,11144.0,1.0
2017-11-02,22.7,22.9,22.65,22.65,10712.0,0.0,1.0,21.609986928365707,21.80038328896805,21.562387838215123,21.562387838215123,10712.0,1.0
2017-11-01,22.6,22.97,22.61,22.92,3819.0,0.0,1.0,21.51478874806454,21.86702201517887,21.524308566094653,21.819422925028285,3819.0,1.0
2017-10-31,22.57,23.19,22.43,22.6,13165.0,0.0,1.0,21.486229293974187,22.076458011841446,21.352951841552546,21.51478874806454,13165.0,1.0
2017-10-30,22.59,23.0,22.29,22.57,7144.0,0.0,1.0,21.505268930034422,21.89558146926922,21.21967438913091,21.486229293974187,7144.0,1.0
2017-10-29,22.69,23.0,21.8,22.59,28733.0,0.0,1.0,21.600467110335593,21.89558146926922,20.753203305655173,21.505268930034422,28733.0,1.0
2017-10-26,22.3,22.73,22.3,22.67,17574.0,0.0,1.0,21.229194207161026,21.63854638245606,21.229194207161026,21.58142747427536,17574.0,1.0
2017-10-25,21.05,22.64,21.54,22.39,37688.0,0.0,1.0,20.039216953396394,21.552868020185006,20.50568803687213,21.31487256943208,37688.0,1.0
2017-10-24,20.84,21.2,20.78,21.05,5653.0,0.0,1.0,19.839300774763938,20.18201422384815,19.782181866583237,20.039216953396394,5653.0,1.0
2017-10-23,20.74,20.95,20.25,20.84,13439.0,0.0,1.0,19.744102594462763,19.944018773095223,19.27763151098703,19.839300774763938,13439.0,1.0
2017-10-22,20.68,21.0,20.61,20.74,16943.0,0.0,1.0,19.686983686282062,19.99161786324581,19.620344960071243,19.744102594462763,16943.0,1.0
2017-10-19,20.84,20.79,20.02,20.68,25905.0,0.0,1.0,19.839300774763938,19.79170168461335,19.058675696294337,19.686983686282062,25905.0,1.0
2017-10-18,20.62,20.96,20.45,20.84,11320.0,0.0,1.0,19.62986477810136,19.95353859112534,19.46802787158937,19.839300774763938,11320.0,1.0
2017-10-17,20.76,20.85,20.17,20.62,32974.0,0.0,1.0,19.763142230523002,19.848820592794056,19.201472966746095,19.62986477810136,32974.0,1.0
2017-10-16,20.76,20.92,20.74,20.76,7156.0,0.0,1.0,19.763142230523002,19.915459319004874,19.744102594462763,19.763142230523002,7156.0,1.0
2017-10-15,20.93,20.93,20.68,20.76,4528.0,0.0,1.0,19.92497913703499,19.92497913703499,19.686983686282062,19.763142230523002,4528.0,1.0
2017-10-10,21.33,21.27,20.65,20.93,6461.0,0.0,1.0,20.30577185823967,20.24865295005897,19.65842423219171,19.92497913703499,6461.0,1.0
2017-10-09,21.54,21.5,21.0,21.33,4459.0,0.0,1.0,20.50568803687213,20.467608764751663,19.99161786324581,20.30577185823967,4459.0,1.0
2017-10-08,21.3,21.65,21.3,21.54,1126.0,0.0,1.0,20.27721240414932,20.610406035203415,20.27721240414932,20.50568803687213,1126.0,1.0
2017-10-03,21.7,21.96,21.4,21.55,9311.0,0.0,1.0,20.658005125354002,20.905520394137046,20.37241058445049,20.515207854902247,9311.0,1.0
2017-10-02,21.71,21.93,21.31,21.7,14298.0,0.0,1.0,20.66752494338412,20.876960940046693,20.286732222179438,20.658005125354002,14298.0,1.0
2017-10-01,21.65,21.98,21.65,21.71,2204.0,0.0,1.0,20.610406035203415,20.92456003019728,20.610406035203415,20.66752494338412,2204.0,1.0
2017-09-28,21.01,21.75,21.01,21.65,8789.0,0.0,1.0,20.001137681275928,20.70560421550459,20.001137681275928,20.610406035203415,8789.0,1.0
2017-09-27,21.43,21.6,21.14,21.5,6732.0,0.0,1.0,20.40097003854084,20.562806945052834,20.124895315667448,20.467608764751663,6732.0,1.0
2017-09-26,21.34,21.6,21.2,21.43,4360.0,0.0,1.0,20.31529167626979,20.562806945052834,20.18201422384815,20.40097003854084,4360.0,1.0
2017-09-25,21.33,21.35,21.2,21.34,10106.0,0.0,1.0,20.30577185823967,20.324811494299908,20.18201422384815,20.31529167626979,10106.0,1.0
2017-09-24,21.29,21.74,21.29,21.33,9397.0,0.0,1.0,20.267692586119203,20.69608439747447,20.267692586119203,20.30577185823967,9397.0,1.0
2017-09-19,21.06,21.8,20.99,21.29,25815.0,0.0,1.0,20.048736771426512,20.753203305655173,19.98209804521569,20.267692586119203,25815.0,1.0
2017-09-18,20.26,20.83,20.26,20.74,34028.0,0.0,1.0,19.28715132901715,19.829780956733817,19.28715132901715,19.744102594462763,34028.0,1.0
2017-09-17,20.39,20.39,20.22,20.22,2641.0,0.0,1.0,19.41090896340867,19.41090896340867,19.24907205689668,19.24907205689668,2641.0,1.0
2017-09-14,20.66,20.61,20.23,20.39,16708.0,0.0,1.0,19.66794405022183,19.620344960071243,19.258591874926797,19.41090896340867,16708.0,1.0
2017-09-13,20.68,20.71,20.5,20.66,6300.0,0.0,1.0,19.686983686282062,19.715543140372414,19.515626961739958,19.66794405022183,6300.0,1.0
2017-09-12,20.64,20.92,20.62,20.68,5080.0,0.0,1.0,19.648904414161596,19.915459319004874,19.62986477810136,19.686983686282062,5080.0,1.0
2017-09-11,20.69,20.92,20.42,20.64,7368.0,0.0,1.0,19.696503504312183,19.915459319004874,19.43946841749902,19.648904414161596,7368.0,1.0
2017-09-10,20.83,20.83,20.61,20.69,13766.0,0.0,1.0,19.829780956733817,19.829780956733817,19.620344960071243,19.696503504312183,13766.0,1.0
2017-09-07,20.93,20.91,20.5,20.83,16376.0,0.0,1.0,19.92497913703499,19.905939500974757,19.515626961739958,19.829780956733817,16376.0,1.0
2017-09-06,21.3,21.3,20.53,20.93,18608.0,0.0,1.0,20.27721240414932,20.27721240414932,19.54418641583031,19.92497913703499,18608.0,1.0
2017-09-05,20.67,21.24,20.4,21.05,8676.0,0.0,1.0,19.677463868251948,20.220093495968616,19.420428781438783,20.039216953396394,8676.0,1.0
2017-09-04,20.78,20.94,20.55,20.67,14339.0,0.0,1.0,19.782181866583237,19.93449895506511,19.563226051890542,19.677463868251948,14339.0,1.0
2017-09-03,20.83,21.0,20.35,20.78,8671.0,0.0,1.0,19.829780956733817,19.99161786324581,19.372829691288203,19.782181866583237,8671.0,1.0
2017-08-31,20.61,21.0,20.59,20.83,7447.0,0.0,1.0,19.620344960071243,19.99161786324581,19.601305324011012,19.829780956733817,7447.0,1.0
2017-08-30,20.2,20.8,20.2,20.61,22584.0,0.0,1.0,19.230032420836444,19.801221502643468,19.230032420836444,19.620344960071243,22584.0,1.0
2017-08-29,20.92,20.92,20.46,20.74,26105.0,0.185,1.0,19.915459319004874,19.915459319004874,19.477547689619488,19.744102594462763,26105.0,0.991232227488152
2017-08-28,21.09,21.4,20.87,21.1,19277.0,0.0,1.0,19.90126305955855,20.193789922928065,19.6936633500705,19.910699409989824,19277.0,1.0
2017-08-24,21.39,21.39,21.18,21.3,8232.0,0.0,1.0,20.184353572496793,20.184353572496793,19.98619021344002,20.09942641861532,8232.0,1.0
2017-08-23,21.49,21.49,20.85,21.11,26252.0,0.0,1.0,20.27871707680954,20.27871707680954,19.674790649207953,19.920135760421097,26252.0,1.0
2017-08-22,21.86,21.86,21.18,21.27,48132.0,0.0,1.0,20.627862042766704,20.627862042766704,19.98619021344002,20.07111736732149,48132.0,1.0
2017-08-21,21.36,22.5,21.36,21.6,260944.0,0.0,1.0,20.156044521202965,21.231788470368294,20.156044521202965,20.382516931553564,260944.0,1.0
2017-08-20,20.58,20.58,20.25,20.32,60454.0,0.0,1.0,19.42000918756353,19.42000918756353,19.108609623331464,19.17466407635039,60454.0,1.0
2017-08-17,19.7,20.99,19.7,20.36,38247.0,0.0,1.0,18.58961034961135,19.8068995552458,18.58961034961135,19.212409478075486,38247.0,1.0
2017-08-16,19.28,19.93,18.89,19.7,20114.0,0.0,1.0,18.19328363149781,18.80664640953067,17.825265964678092,18.58961034961135,20114.0,1.0
2017-08-15,18.52,19.44,18.52,19.28,9668.0,0.0,1.0,17.476120998720923,18.344265238398208,17.476120998720923,18.19328363149781,9668.0,1.0
2017-08-14,18.91,18.99,18.71,18.88,17702.0,0.0,1.0,17.84413866554064,17.919629468990838,17.655411656915145,17.815829614246816,17702.0,1.0
2017-08-13,18.83,19.2,18.59,18.91,5546.0,0.0,1.0,17.76864786209044,18.11779282804761,17.542175451739848,17.84413866554064,5546.0,1.0
2017-08-10,18.96,19.11,18.16,18.83,41837.0,0.0,1.0,17.891320417697017,18.032865674166136,17.136412383195033,17.76864786209044,41837.0,1.0
2017-08-09,19.65,19.65,18.67,18.96,34386.0,0.0,1.0,18.542428597454975,18.542428597454975,17.61766625519005,17.891320417697017,34386.0,1.0
2017-08-08,19.8,19.9,19.64,19.65,26456.0,0.0,1.0,18.683973853924098,18.778337358236843,18.532992247023703,18.542428597454975,26456.0,1.0
2017-08-07,19.75,19.74,19.27,19.41,18594.0,0.0,1.0,18.636792101767725,18.62735575133645,18.183847281066534,18.31595618710438,18594.0,1.0
2017-08-06,19.92,19.92,19.58,19.75,34631.0,0.0,1.0,18.7972100590994,18.7972100590994,18.47637414443605,18.636792101767725,34631.0,1.0
2017-08-03,19.51,19.94,19.55,19.92,16061.0,0.0,1.0,18.41031969141713,18.816082759961947,18.44806509314223,18.7972100590994,16061.0,1.0
2017-08-02,19.13,19.63,19.13,19.51,34147.0,0.0,1.0,18.051738375028687,18.523555896592427,18.051738375028687,18.41031969141713,34147.0,1.0
2017-07-30,19.01,19.17,18.92,18.97,3099.0,0.0,1.0,17.93850216985339,18.089483776753788,17.853575015971916,17.90075676812829,3099.0,1.0
2017-07-27,19.0,19.18,18.97,19.01,10011.0,0.0,1.0,17.929065819422114,18.09892012718506,17.90075676812829,17.93850216985339,10011.0,1.0
2017-07-26,19.22,19.45,19.07,19.21,4003.0,0.0,1.0,18.136665528910157,18.35370158882948,17.99512027244104,18.127229178478885,4003.0,1.0
2017-07-25,19.36,19.4,19.2,19.22,11831.0,0.0,1.0,18.268774434948007,18.306519836673104,18.11779282804761,18.136665528910157,11831.0,1.0
2017-07-24,19.43,19.5,19.17,19.36,11557.0,0.0,1.0,18.334828887966932,18.400883340985853,18.089483776753788,18.268774434948007,11557.0,1.0
2017-07-23,19.57,19.57,19.22,19.43,3659.0,0.0,1.0,18.466937794004778,18.466937794004778,18.136665528910157,18.334828887966932,3659.0,1.0
2017-07-20,19.22,19.61,19.22,19.57,5915.0,0.0,1.0,18.136665528910157,18.504683195729875,18.136665528910157,18.466937794004778,5915.0,1.0
2017-07-19,19.17,19.3,19.0,19.22,17931.0,0.0,1.0,18.089483776753788,18.212156332360358,17.929065819422114,18.136665528910157,17931.0,1.0
2017-07-18,19.4,19.46,19.07,19.17,11436.0,0.0,1.0,18.306519836673104,18.363137939260756,17.99512027244104,18.089483776753788,11436.0,1.0
2017-07-17,19.64,19.8,19.12,19.4,13618.0,0.0,1.0,18.532992247023703,18.683973853924098,18.04230202459741,18.306519836673104,13618.0,1.0
2017-07-16,19.88,19.9,19.5,19.64,24506.0,0.0,1.0,18.759464657374295,18.778337358236843,18.400883340985853,18.532992247023703,24506.0,1.0
2017-07-13,20.0,20.0,19.85,19.88,6343.0,0.0,1.0,18.872700862549593,18.872700862549593,18.731155606080474,18.759464657374295,6343.0,1.0
2017-07-12,19.7,19.98,19.59,19.89,22016.0,0.0,1.0,18.58961034961135,18.853828161687044,18.485810494867327,18.76890100780557,22016.0,1.0
2017-07-11,19.19,19.7,19.19,19.45,15947.0,0.0,1.0,18.108356477616336,18.58961034961135,18.108356477616336,18.35370158882948,15947.0,1.0
2017-07-10,19.26,19.26,19.01,19.19,7349.0,0.0,1.0,18.17441093063526,18.17441093063526,17.93850216985339,18.108356477616336,7349.0,1.0
2017-07-09,18.61,19.47,18.61,19.26,8355.0,0.0,1.0,17.561048152602396,18.37257428969203,17.561048152602396,18.17441093063526,8355.0,1.0
2017-07-06,18.97,19.0,18.76,18.81,14177.0,0.0,1.0,17.90075676812829,17.929065819422114,17.702593409071522,17.74977516122789,14177.0,1.0
2017-07-05,18.85,19.0,18.73,18.97,15391.0,0.0,1.0,17.787520562952995,17.929065819422114,17.674284357777694,17.90075676812829,15391.0,1.0
2017-07-04,18.52,19.2,18.5,18.81,14613.0,0.0,1.0,17.476120998720923,18.11779282804761,17.457248297858374,17.74977516122789,14613.0,1.0
2017-07-03,18.5,18.96,18.49,18.52,11637.0,0.0,1.0,17.457248297858374,17.891320417697017,17.4478119474271,17.476120998720923,11637.0,1.0
2017-07-02,18.2,18.55,18.01,18.5,21956.0,0.0,1.0,17.17415778492013,17.50443005001475,16.99486712672591,17.457248297858374,21956.0,1.0
2017-06-29,19.25,19.25,18.5,18.65,17669.0,0.0,1.0,18.164974580203985,18.164974580203985,17.457248297858374,17.598793554327496,17669.0,1.0
2017-06-28,19.15,19.15,18.59,18.85,47346.0,0.0,1.0,18.070611075891236,18.070611075891236,17.542175451739848,17.787520562952995,47346.0,1.0
2017-06-27,19.38,19.38,19.0,19.17,21804.0,0.0,1.0,18.287647135810555,18.287647135810555,17.929065819422114,18.089483776753788,21804.0,1.0
2017-06-26,19.33,19.58,19.01,19.38,30063.0,0.0,1.0,18.240465383654183,18.47637414443605,17.93850216985339,18.287647135810555,30063.0,1.0
2017-06-25,19.47,19.51,19.05,19.33,19720.0,0.0,1.0,18.37257428969203,18.41031969141713,17.97624757157849,18.240465383654183,19720.0,1.0
2017-06-22,19.65,19.73,18.95,19.05,49488.0,0.0,1.0,18.542428597454975,18.617919400905176,17.88188406726574,17.97624757157849,49488.0,1.0
2017-06-21,19.51,19.84,19.3,19.69,48674.0,0.0,1.0,18.41031969141713,18.721719255649198,18.212156332360358,18.580173999180076,48674.0,1.0
2017-06-20,19.7,19.98,19.0,19.51,49052.0,0.0,1.0,18.58961034961135,18.853828161687044,17.929065819422114,18.41031969141713,49052.0,1.0
2017-06-19,20.09,20.97,19.65,19.79,146556.0,0.0,1.0,18.957628016431066,19.788026854383247,18.542428597454975,18.67453750349282,146556.0,1.0
2017-06-18,19.09,20.57,19.09,20.04,129500.0,0.0,1.0,18.013992973303587,19.410572837132257,18.013992973303587,18.910446264274693,129500.0,1.0
2017-06-15,18.65,18.92,18.1,18.81,30061.0,0.0,1.0,17.598793554327496,17.853575015971916,17.079794280607384,17.74977516122789,30061.0,1.0
2017-06-14,18.07,18.8,18.0,18.65,60177.0,0.0,1.0,17.05148522931356,17.74033881079662,16.985430776294635,17.598793554327496,60177.0,1.0
2017-06-13,18.6,18.81,18.1,18.22,19500.0,0.0,1.0,17.551611802171124,17.74977516122789,17.079794280607384,17.19303048578268,19500.0,1.0
2017-06-12,18.92,19.58,17.61,18.32,134006.0,0.0,1.0,17.853575015971916,18.47637414443605,16.617413109474917,17.287393990095428,134006.0,1.0
2017-06-11,19.05,19.36,18.7,19.12,58123.0,0.0,1.0,17.97624757157849,18.268774434948007,17.64597530648387,18.04230202459741,58123.0,1.0
2017-06-08,18.55,20.3,18.32,18.9,803815.0,0.0,1.0,17.50443005001475,19.155791375487837,17.287393990095428,17.834702315109364,803815.0,1.0
2017-06-07,17.36,18.76,17.36,18.55,389797.0,0.0,1.0,16.381504348693046,17.702593409071522,16.381504348693046,17.50443005001475,389797.0,1.0
2017-06-06,16.97,17.65,16.96,17.36,43586.0,0.0,1.0,16.013486681873328,16.655158511200014,16.004050331442055,16.381504348693046,43586.0,1.0
2017-06-05,16.9,17.27,16.31,16.97,65683.0,0.0,1.0,15.947432228854405,16.296577194811572,15.390687553409192,16.013486681873328,65683.0,1.0
2017-06-04,16.6,16.88,15.85,16.37,51874.0,0.1,1.0,15.664341715916164,15.928559527991856,14.956615433570553,15.447305655996844,51874.0,0.993975903614458
2017-06-01,16.7,17.1,16.5,16.6,68666.0,0.0,1.0,15.663773261070908,16.03895345894087,15.476183162135927,15.569978211603418,68666.0,1.0
2017-05-29,16.8,17.09,16.7,16.7,57153.0,0.0,1.0,15.7575683105384,16.02957395399412,15.663773261070908,15.663773261070908,57153.0,1.0
2017-05-28,16.76,17.45,16.7,16.78,89108.0,0.0,1.0,15.720050290751404,16.367236132077085,15.663773261070908,15.7388093006449,89108.0,1.0
2017-05-25,15.76,17.0,15.67,16.76,163172.0,0.0,1.0,14.782099796076498,15.945158409473379,14.697684251555756,15.720050290751404,163172.0,1.0
2017-05-24,16.0,16.63,15.44,15.76,101958.0,0.0,1.0,15.007207914798474,15.598116726443664,14.481955637780528,14.782099796076498,101958.0,1.0
2017-05-23,13.75,17.48,13.75,15.76,670876.0,0.0,1.0,12.896819301779939,16.395374646917332,12.896819301779939,14.782099796076498,670876.0,1.0
2017-05-22,12.49,12.79,11.72,12.11,14179.0,0.0,1.0,11.715001678489559,11.99638682689203,10.992779797589883,11.358580490513095,14179.0,1.0
2017-05-21,12.2,12.5,12.48,12.49,5035.0,0.0,1.0,11.442996035033836,11.724381183436309,11.70562217354281,11.715001678489559,5035.0,1.0
2017-05-18,12.24,12.25,11.61,12.2,12980.0,0.0,1.0,11.480514054820834,11.489893559767582,10.889605243175643,11.442996035033836,12980.0,1.0
2017-05-17,12.43,12.25,12.2,12.24,680.0,0.0,1.0,11.658724648809065,11.489893559767582,11.442996035033836,11.480514054820834,680.0,1.0
2017-05-16,12.46,12.49,12.21,12.43,15116.0,0.0,1.0,11.686863163649313,11.715001678489559,11.452375539980586,11.658724648809065,15116.0,1.0
2017-05-15,12.49,12.49,12.3,12.46,48492.0,0.0,1.0,11.715001678489559,11.715001678489559,11.536791084501328,11.686863163649313,48492.0,1.0
2017-05-14,12.32,12.51,12.2,12.49,40165.0,0.0,1.0,11.555550094394826,11.733760688383057,11.442996035033836,11.715001678489559,40165.0,1.0
2017-05-11,12.5,12.5,12.13,12.32,31737.0,0.0,1.0,11.724381183436309,11.724381183436309,11.377339500406594,11.555550094394826,31737.0,1.0
2017-05-10,12.61,12.65,12.32,12.56,4292.0,0.0,1.0,11.827555737850547,11.865073757637544,11.555550094394826,11.780658213116803,4292.0,1.0
2017-05-09,12.9,12.91,12.3,12.61,89070.0,0.0,1.0,12.09956138130627,12.10894088625302,11.536791084501328,11.827555737850547,89070.0,1.0
2017-05-08,12.9,13.21,12.9,12.9,37106.0,0.0,1.0,12.09956138130627,12.39032603465549,12.09956138130627,12.09956138130627,37106.0,1.0
2017-05-07,12.93,13.0,12.87,12.9,17428.0,0.0,1.0,12.127699896146517,12.193356430773761,12.071422866466023,12.09956138130627,17428.0,1.0
2017-05-04,13.23,13.23,12.93,12.93,40518.0,0.0,1.0,12.40908504454899,12.40908504454899,12.127699896146517,12.127699896146517,40518.0,1.0
2017-05-03,13.1,13.4,12.8,13.23,29795.0,0.0,1.0,12.287151480241251,12.568536628643722,12.00576633183878,12.40908504454899,29795.0,1.0
2017-04-30,13.0,13.0,12.95,13.0,11031.0,0.0,1.0,12.193356430773761,12.193356430773761,12.146458906040015,12.193356430773761,11031.0,1.0
2017-04-27,12.68,13.0,12.65,12.8,10525.0,0.0,1.0,11.893212272477792,12.193356430773761,11.865073757637544,12.00576633183878,10525.0,1.0
2017-04-26,12.21,13.0,12.3,12.62,22272.0,0.0,1.0,11.452375539980586,12.193356430773761,11.536791084501328,11.836935242797296,22272.0,1.0
2017-04-25,12.06,12.29,12.06,12.21,32785.0,0.0,1.0,11.311682965779351,11.527411579554578,11.311682965779351,11.452375539980586,32785.0,1.0
2017-04-24,11.98,12.19,12.01,12.07,8594.0,0.0,1.0,11.236646926205358,11.433616530087088,11.264785441045605,11.3210624707261,8594.0,1.0
2017-04-23,11.9,12.1,11.9,11.98,24543.0,0.0,1.0,11.161610886631365,11.349200985566346,11.161610886631365,11.236646926205358,24543.0,1.0
2017-04-20,11.82,11.9,11.86,11.86,16519.0,0.0,1.0,11.086574847057374,11.161610886631365,11.124092866844368,11.124092866844368,16519.0,1.0
2017-04-19,11.9,11.9,11.7,11.82,6325.0,0.0,1.0,11.161610886631365,11.161610886631365,10.974020787696384,11.086574847057374,6325.0,1.0
2017-04-18,11.6,11.9,11.6,11.64,44770.0,0.0,1.0,10.880225738228894,11.161610886631365,10.880225738228894,10.917743758015892,44770.0,1.0
2017-04-13,11.6,11.6,11.6,11.6,76.0,0.0,1.0,10.880225738228894,10.880225738228894,10.880225738228894,10.880225738228894,76.0,1.0
2017-04-12,11.59,11.63,11.6,11.6,3778.0,0.0,1.0,10.870846233282144,10.908364253069141,10.880225738228894,10.880225738228894,3778.0,1.0
2017-04-09,11.36,11.59,11.2,11.59,40108.0,0.0,1.0,10.655117619506916,10.870846233282144,10.505045540358932,10.870846233282144,40108.0,1.0
2017-04-06,11.47,11.45,11.23,11.28,18320.0,0.0,1.0,10.758292173921157,10.739533164027657,10.533184055199179,10.580081579932925,18320.0,1.0
2017-04-05,11.3,11.64,11.3,11.47,14461.0,0.0,1.0,10.598840589826423,10.917743758015892,10.598840589826423,10.758292173921157,14461.0,1.0
2017-04-04,11.1,11.3,11.1,11.3,38146.0,0.0,1.0,10.411250490891442,10.598840589826423,10.411250490891442,10.598840589826423,38146.0,1.0
2017-04-03,11.34,11.5,11.33,11.38,27245.0,0.0,1.0,10.636358609613419,10.786430688761403,10.62697910466667,10.673876629400416,27245.0,1.0
2017-04-02,11.27,11.57,11.57,11.57,562.0,0.0,1.0,10.570702074986174,10.852087223388647,10.852087223388647,10.852087223388647,562.0,1.0
2017-03-30,11.9,11.9,11.25,11.27,14111.0,0.073695,1.0,11.161610886631365,11.161610886631365,10.551943065092678,10.570702074986174,14111.0,0.99357497820401
2017-03-29,11.75,11.75,11.3,11.47,47047.0,0.0,1.0,10.95010867206094,10.95010867206094,10.530742808024565,10.689169912216084,47047.0,1.0
2017-03-28,11.29,11.8,11.29,11.75,40494.0,0.0,1.0,10.521423566601532,10.996704879176095,10.521423566601532,10.95010867206094,40494.0,1.0
2017-03-27,11.53,11.51,10.86,11.33,22878.0,0.0,1.0,10.745085360754267,10.726446877908206,10.120696185411218,10.558700532293656,22878.0,1.0
2017-03-26,11.4,11.8,11.41,11.53,3306.0,0.0,1.0,10.62393522225487,10.996704879176095,10.6332544636779,10.745085360754267,3306.0,1.0
2017-03-23,10.46,11.88,10.58,11.4,9124.0,0.0,1.0,9.747926528489995,11.07125881056034,9.859757425566361,10.62393522225487,9124.0,1.0
2017-03-22,9.65,10.84,9.65,10.46,59394.0,0.0,1.0,8.993067973224518,10.102057702565157,8.993067973224518,9.747926528489995,59394.0,1.0
2017-03-21,9.649,9.651,9.65,9.65,2047.0,0.0,1.0,8.992136049082212,8.99399989736682,8.993067973224518,8.993067973224518,2047.0,1.0
2017-03-20,9.597999999999999,9.654,9.597999999999999,9.649,12458.0,0.0,1.0,8.944607917824756,8.996795669793729,8.944607917824756,8.992136049082212,12458.0,1.0
2017-03-19,9.612,9.701,9.4,9.635,4736.0,0.0,1.0,8.957654855817001,9.040596104481974,8.760086937648753,8.979089111089971,4736.0,1.0
2017-03-16,9.5,9.641,9.443,9.612,7171.0,0.0,1.0,8.853279351879058,8.984680655943789,8.800159675767784,8.957654855817001,7171.0,1.0
2017-03-15,9.417,9.6,9.344,9.5,37631.0,0.0,1.0,8.775929648067905,8.946471766109363,8.70789918567978,8.853279351879058,37631.0,1.0
2017-03-14,9.248,9.42,9.26,9.417,9006.0,0.0,1.0,8.618434468018688,8.778725420494814,8.629617557726323,8.775929648067905,9006.0,1.0
2017-03-13,9.237,9.25,9.244,9.248,5469.0,0.0,1.0,8.608183302453353,8.620298316303293,8.614706771449475,8.618434468018688,5469.0,1.0
2017-03-09,9.237,9.238,9.236,9.237,4383.0,0.0,1.0,8.608183302453353,8.609115226595657,8.607251378311052,8.608183302453353,4383.0,1.0
2017-03-08,9.237,9.238,9.237,9.237,7474.0,0.0,1.0,8.608183302453353,8.609115226595657,8.608183302453353,8.608183302453353,7474.0,1.0
2017-03-07,9.232999999999999,9.24,9.15,9.237,22751.0,0.0,1.0,8.60445560588414,8.610979074880262,8.527105902072988,8.608183302453353,22751.0,1.0
2017-03-06,9.16,9.3,9.16,9.232999999999999,4343.0,0.0,1.0,8.536425143496018,8.666894523418447,8.536425143496018,8.60445560588414,4343.0,1.0
2017-03-05,9.3,9.3,9.17,9.236,2088.0,0.0,1.0,8.666894523418447,8.666894523418447,8.545744384919049,8.607251378311052,2088.0,1.0
2017-03-02,9.148,9.3,9.158,9.267000000000001,1067.0,0.0,1.0,8.52524205378838,8.666894523418447,8.534561295211411,8.636141026722447,1067.0,1.0
2017-03-01,9.058,9.45,9.091000000000001,9.148,6839.0,0.0,1.0,8.441368880981106,8.806683144763905,8.472122377677108,8.52524205378838,6839.0,1.0
2017-02-28,9.016,9.1,8.601,9.058,2838.0,0.0,1.0,8.402228067004378,8.480509694957835,8.015479547948608,8.441368880981106,2838.0,1.0
2017-02-27,9.013,9.08,8.854,9.016,3010.0,0.0,1.0,8.399432294577469,8.461871212111774,8.25125635595128,8.402228067004378,3010.0,1.0
2017-02-26,9.029,9.03,8.922,9.013,2604.0,0.0,1.0,8.414343080854318,8.41527500499662,8.31462719762789,8.399432294577469,2604.0,1.0
2017-02-23,9.097999999999999,9.05,9.001,9.029,3272.0,0.0,1.0,8.478645846673228,8.433913487842682,8.388249204869831,8.414343080854318,3272.0,1.0
2017-02-22,9.054,9.101,9.09,9.097999999999999,6367.0,0.0,1.0,8.437641184411895,8.481441619100138,8.471190453534804,8.478645846673228,6367.0,1.0
2017-02-21,9.036,9.1,9.002,9.054,4122.0,0.0,1.0,8.42086654985044,8.480509694957835,8.389181129012135,8.437641184411895,4122.0,1.0
2017-02-20,9.009,9.036,9.036,9.036,985.0,0.0,1.0,8.395704598008257,8.42086654985044,8.42086654985044,8.42086654985044,985.0,1.0
2017-02-19,8.856,9.019,9.005,9.009,3942.0,0.0,1.0,8.253120204235888,8.405023839431287,8.391976901439044,8.395704598008257,3942.0,1.0
2017-02-16,9.221,9.057,8.783,8.856,8348.0,0.0,1.0,8.593272516176505,8.440436956838804,8.185089741847765,8.253120204235888,8348.0,1.0
2017-02-15,9.221,,,9.221,0.0,0.0,1.0,8.593272516176505,,,8.593272516176505,0.0,1.0
2017-02-14,9.163,9.24,9.163,9.221,6351.0,0.0,1.0,8.539220915922927,8.610979074880262,8.539220915922927,8.593272516176505,6351.0,1.0
2017-02-13,9.01,9.18,9.12,9.163,5935.0,0.0,1.0,8.396636522150558,8.55506362634208,8.499148177803896,8.539220915922927,5935.0,1.0
2017-02-12,9.099,9.09,9.0,9.01,25431.0,0.0,1.0,8.479577770815531,8.471190453534804,8.38731728072753,8.396636522150558,25431.0,1.0
2017-02-09,9.1,9.099,8.749,9.099,171214.0,0.0,1.0,8.480509694957835,8.479577770815531,8.15340432100946,8.479577770815531,171214.0,1.0
2017-02-08,9.119,9.1,9.099,9.1,263250.0,0.0,1.0,8.498216253661592,8.480509694957835,8.479577770815531,8.480509694957835,263250.0,1.0
2017-02-07,9.2,9.2,9.107000000000001,9.119,2300.0,0.0,1.0,8.57370210918814,8.57370210918814,8.487033163953956,8.498216253661592,2300.0,1.0
2017-02-06,9.052,9.199,9.199,9.199,652.0,0.0,1.0,8.435777336127288,8.572770185045837,8.572770185045837,8.572770185045837,652.0,1.0
2017-02-05,9.382,9.389,8.9,9.052,1921.0,0.0,1.0,8.743312303087297,8.749835772083419,8.294124866497222,8.435777336127288,1921.0,1.0
2017-02-02,9.386000000000001,9.386000000000001,8.917,9.382,4291.0,0.0,1.0,8.74703999965651,8.74703999965651,8.309967576916375,8.743312303087297,4291.0,1.0
2017-02-01,8.99,9.386000000000001,9.386000000000001,9.386000000000001,250.0,0.0,1.0,8.377998039304499,8.74703999965651,8.74703999965651,8.74703999965651,250.0,1.0
2017-01-31,9.137,8.99,8.99,8.99,1875.0,0.0,1.0,8.514990888223048,8.377998039304499,8.377998039304499,8.377998039304499,1875.0,1.0
2017-01-30,9.42,9.137,9.137,9.137,5419.0,0.0,1.0,8.778725420494814,8.514990888223048,8.514990888223048,8.514990888223048,5419.0,1.0
2017-01-29,9.429,9.42,9.42,9.42,295.0,0.0,1.0,8.78711273777554,8.778725420494814,8.778725420494814,8.778725420494814,295.0,1.0
2017-01-26,9.429,,,9.429,0.0,0.0,1.0,8.78711273777554,,,8.78711273777554,0.0,1.0
2017-01-25,9.429,,,9.429,0.0,0.0,1.0,8.78711273777554,,,8.78711273777554,0.0,1.0
2017-01-24,9.429,9.429,9.427999999999999,9.429,3440.0,0.0,1.0,8.78711273777554,8.78711273777554,8.786180813633237,8.78711273777554,3440.0,1.0
2017-01-23,9.979,9.979,9.31,9.429,1594.0,0.0,1.0,9.299671016042222,9.299671016042222,8.676213764841478,8.78711273777554,1594.0,1.0
2017-01-22,8.8,8.99,8.8,8.892000000000001,4527.0,0.0,1.0,8.200932452266917,8.377998039304499,8.200932452266917,8.286669473358799,4527.0,1.0
2017-01-19,9.461,9.6,8.75,8.75,58074.0,0.0,1.0,8.81693431032924,8.946471766109363,8.154336245151764,8.154336245151764,58074.0,1.0
2017-01-18,9.13,9.48,9.4,9.461,1312.0,0.0,1.0,8.508467419226927,8.834640869032997,8.760086937648753,8.81693431032924,1312.0,1.0
2017-01-17,9.049,9.13,9.13,9.13,5485.0,0.0,1.0,8.432981563700379,8.508467419226927,8.508467419226927,8.508467419226927,5485.0,1.0
2017-01-16,9.039,9.05,8.83,9.049,10290.0,0.0,1.0,8.423662322277348,8.433913487842682,8.228890176536009,8.432981563700379,10290.0,1.0
2017-01-15,8.823,9.043,8.824,9.039,2457.0,0.0,1.0,8.222366707539887,8.427390018846559,8.22329863168219,8.423662322277348,2457.0,1.0
2017-01-12,9.0,8.85,8.8,8.823,11577.0,0.0,1.0,8.38731728072753,8.24752865938207,8.200932452266917,8.222366707539887,11577.0,1.0
2017-01-11,9.04,9.0,9.0,9.0,15421.0,0.0,1.0,8.42459424641965,8.38731728072753,8.38731728072753,8.38731728072753,15421.0,1.0
2017-01-10,9.049,9.05,9.0,9.04,3186.0,0.0,1.0,8.432981563700379,8.433913487842682,8.38731728072753,8.42459424641965,3186.0,1.0
2017-01-09,8.927,8.99,8.849,8.923,1835.0,0.0,1.0,8.319286818339405,8.377998039304499,8.246596735239768,8.315559121770193,1835.0,1.0
2017-01-08,8.687999999999999,9.0,8.687999999999999,8.927,2713.0,0.0,1.0,8.096556948328974,8.38731728072753,8.096556948328974,8.319286818339405,2713.0,1.0
2017-01-05,9.089,9.089,8.6,8.687999999999999,12200.0,0.0,1.0,8.4702585293925,8.4702585293925,8.014547623806305,8.096556948328974,12200.0,1.0
2017-01-04,9.123,9.15,9.022,9.089,3176.0,0.0,1.0,8.501943950230805,8.527105902072988,8.407819611858196,8.4702585293925,3176.0,1.0
2017-01-03,9.022,9.15,9.112,9.123,3082.0,0.0,1.0,8.407819611858196,8.527105902072988,8.49169278466547,8.501943950230805,3082.0,1.0
2017-01-02,9.002,9.05,9.0,9.022,17612.0,0.0,1.0,8.389181129012135,8.433913487842682,8.38731728072753,8.407819611858196,17612.0,1.0
2017-01-01,9.002,,,9.002,0.0,0.0,1.0,8.389181129012135,,,8.389181129012135,0.0,1.0
2016-12-29,9.002,9.08,9.0,9.002,4872.0,0.0,1.0,8.389181129012135,8.461871212111774,8.38731728072753,8.389181129012135,4872.0,1.0
2016-12-28,8.787,9.08,8.988999999999999,9.002,1795.0,0.0,1.0,8.188817438416978,8.461871212111774,8.377066115162194,8.389181129012135,1795.0,1.0
2016-12-27,8.832,8.8,8.75,8.787,5567.0,0.0,1.0,8.230754024820616,8.200932452266917,8.154336245151764,8.188817438416978,5567.0,1.0
2016-12-26,8.43,8.988999999999999,8.8,8.832,2923.0,0.0,1.0,7.856120519614785,8.377066115162194,8.200932452266917,8.230754024820616,2923.0,1.0
2016-12-25,8.305,8.75,8.41,8.43,44185.0,0.0,1.0,7.739630001826903,8.154336245151764,7.837482036768725,7.856120519614785,44185.0,1.0
2016-12-22,8.174,8.4,8.198,8.305,5529.0,0.0,1.0,7.617547939185202,7.828162795345694,7.639914118600476,7.739630001826903,5529.0,1.0
2016-12-21,8.225,8.35,8.11,8.174,1887.0,0.0,1.0,7.665076070442658,7.7815665882305405,7.557904794077806,7.617547939185202,1887.0,1.0
2016-12-20,8.219,8.35,8.219,8.225,8555.0,0.0,1.0,7.659484525588839,7.7815665882305405,7.659484525588839,7.665076070442658,8555.0,1.0
2016-12-19,8.03,8.219,8.219,8.219,250.0,0.0,1.0,7.483350862693562,7.659484525588839,7.659484525588839,7.659484525588839,250.0,1.0
2016-12-18,8.12,8.03,8.03,8.03,2000.0,0.0,1.0,7.567224035500836,7.483350862693562,7.483350862693562,7.483350862693562,2000.0,1.0
2016-12-15,8.047,8.12,8.12,8.12,3411.0,0.0,1.0,7.499193573112715,7.567224035500836,7.567224035500836,7.567224035500836,3411.0,1.0
2016-12-14,8.1,8.27,8.0,8.047,1450.0,0.0,1.0,7.548585552654775,7.707012656846295,7.45539313842447,7.499193573112715,1450.0,1.0
2016-12-13,7.875,8.1,8.1,8.1,4977.0,0.0,1.0,7.3389026206365875,7.548585552654775,7.548585552654775,7.548585552654775,4977.0,1.0
2016-12-12,8.25,8.344,7.621,7.875,1926.0,0.0,1.0,7.688374174000235,7.775975043376722,7.102193888491612,7.3389026206365875,1926.0,1.0
2016-12-11,7.968,8.25,8.25,8.25,250.0,0.0,1.0,7.425571565870772,7.688374174000235,7.688374174000235,7.688374174000235,250.0,1.0
2016-12-08,7.82,8.287,7.82,7.968,6288.0,0.0,1.0,7.28764679280992,7.722855367265448,7.28764679280992,7.425571565870772,6288.0,1.0
2016-12-07,7.643,7.82,7.82,7.82,1206.0,0.0,1.0,7.122696219622278,7.28764679280992,7.28764679280992,7.28764679280992,1206.0,1.0
2016-12-06,7.821000000000001,7.8229999999999995,7.45,7.643,8945.0,0.0,1.0,7.288578716952223,7.2904425652368285,6.942834860157788,7.122696219622278,8945.0,1.0
2016-12-05,7.922000000000001,7.959,7.631,7.821000000000001,4812.0,0.0,1.0,7.382703055324832,7.417184248590044,7.111513129914641,7.288578716952223,4812.0,1.0
2016-12-04,7.922000000000001,8.0,7.7,7.922000000000001,4618.0,0.0,1.0,7.382703055324832,7.45539313842447,7.175815895733552,7.382703055324832,4618.0,1.0
2016-12-01,7.922000000000001,,,7.922000000000001,0.0,0.0,1.0,7.382703055324832,,,7.382703055324832,0.0,1.0
2016-11-30,7.856,8.0,7.8,7.922000000000001,7675.0,0.0,1.0,7.321196061932829,7.45539313842447,7.2690083099638585,7.382703055324832,7675.0,1.0
2016-11-29,8.073,7.99,7.8,7.856,3690.0,0.0,1.0,7.523423600812594,7.4460738970014395,7.2690083099638585,7.321196061932829,3690.0,1.0
2016-11-28,8.065,8.1,7.811,8.073,6282.0,0.0,1.0,7.5159682076741685,7.548585552654775,7.279259475529192,7.523423600812594,6282.0,1.0
2016-11-27,8.315,8.315,8.05,8.065,2304.0,0.0,1.0,7.748949243249933,7.748949243249933,7.501989345539624,7.5159682076741685,2304.0,1.0
2016-11-24,7.497000000000001,7.879,7.4,7.7,46661.0,0.0,1.0,6.986635294846033,7.342630317205799,6.896238653042635,7.175815895733552,46661.0,1.0
2016-11-23,6.9910000000000005,,,6.9910000000000005,0.0,0.0,1.0,6.5150816788406845,,,6.5150816788406845,0.0,1.0
2016-11-22,7.297999999999999,7.05,6.99,6.9910000000000005,14430.0,0.0,1.0,6.801182390527722,6.570065203236564,6.514149754698381,6.5150816788406845,14430.0,1.0
2016-11-21,7.34,7.34,7.25,7.297999999999999,4724.0,0.0,1.0,6.840323204504451,6.840323204504451,6.756450031697176,6.801182390527722,4724.0,1.0
2016-11-20,6.976,7.2,7.02,7.2,17190.0,0.0,1.0,6.501102816706138,6.709853824582023,6.5421074789674725,6.709853824582023,17190.0,1.0
2016-11-17,6.734,7.0,6.8,6.976,41673.0,0.0,1.0,6.275577174268798,6.523468996121411,6.337084167660799,6.501102816706138,41673.0,1.0
2016-11-16,6.93,6.999,6.541,6.734,28918.0,0.0,1.0,6.458234306160197,6.522537071979108,6.095715814804308,6.275577174268798,28918.0,1.0
2016-11-15,6.809,6.92,6.525,6.874,24504.0,0.0,1.0,6.345471484941527,6.448915064737166,6.080805028527458,6.406046554191225,24504.0,1.0
2016-11-14,6.809,,,6.809,0.0,0.0,1.0,6.345471484941527,,,6.345471484941527,0.0,1.0
2016-11-13,6.8,6.88,6.79,6.809,5775.0,0.0,1.0,6.337084167660799,6.411638099045044,6.327764926237769,6.345471484941527,5775.0,1.0
2016-11-10,6.82,6.8,6.8,6.8,441.0,0.0,1.0,6.355722650506861,6.337084167660799,6.337084167660799,6.337084167660799,441.0,1.0
2016-11-09,6.797000000000001,6.82,6.82,6.82,500.0,0.0,1.0,6.334288395233891,6.355722650506861,6.355722650506861,6.355722650506861,500.0,1.0
2016-11-08,6.8660000000000005,6.94,6.76,6.797000000000001,5766.0,0.0,1.0,6.398591161052802,6.467553547583228,6.299807201968677,6.334288395233891,5766.0,1.0
2016-11-07,6.53,6.97,6.53,6.8660000000000005,858.0,0.0,1.0,6.085464649238974,6.495511271852319,6.085464649238974,6.398591161052802,858.0,1.0
2016-11-06,6.919,,,6.919,0.0,0.0,1.0,6.4479831405948635,,,6.4479831405948635,0.0,1.0
2016-11-03,6.45,6.92,6.45,6.919,2288.0,0.0,1.0,6.010910717854729,6.448915064737166,6.010910717854729,6.4479831405948635,2288.0,1.0
2016-11-02,6.847,,,6.847,0.0,0.0,1.0,6.3808846023490435,,,6.3808846023490435,0.0,1.0
2016-11-01,7.047999999999999,7.03,6.6,6.847,10346.0,0.0,1.0,6.568201354951957,6.551426720390503,6.150699339200187,6.3808846023490435,10346.0,1.0
2016-10-31,7.047999999999999,,,7.047999999999999,0.0,0.0,1.0,6.568201354951957,,,6.568201354951957,0.0,1.0
2016-10-30,7.047999999999999,,,7.047999999999999,0.0,0.0,1.0,6.568201354951957,,,6.568201354951957,0.0,1.0
2016-10-27,6.941,7.047999999999999,7.047999999999999,7.047999999999999,560.0,0.0,1.0,6.468485471725531,6.568201354951957,6.568201354951957,6.568201354951957,560.0,1.0
2016-10-26,6.72,7.25,6.72,6.941,2601.0,0.0,1.0,6.262530236276555,6.756450031697176,6.262530236276555,6.468485471725531,2601.0,1.0
2016-10-25,6.77,7.2589999999999995,6.6,6.746,7812.0,0.0,1.0,6.309126443391707,6.764837348977903,6.150699339200187,6.286760263976435,7812.0,1.0
2016-10-20,6.77,6.79,6.77,6.789,2499.0,0.0,1.0,6.309126443391707,6.327764926237769,6.309126443391707,6.326833002095466,2499.0,1.0
2016-10-19,7.155,7.147,6.3,6.794,28738.0,0.0,1.0,6.6679172381783856,6.660461845039961,5.87112209650927,6.331492622806981,28738.0,1.0
2016-10-18,7.19,7.19,7.19,7.155,1.0,0.0,1.0,6.700534583158992,6.700534583158992,6.700534583158992,6.6679172381783856,1.0,1.0
2016-10-13,7.249,7.1979999999999995,7.032,7.155,2466.0,0.0,1.0,6.755518107554873,6.707989976297417,6.553290568675109,6.6679172381783856,2466.0,1.0
2016-10-10,7.249,,,7.249,0.0,0.0,1.0,6.755518107554873,,,6.755518107554873,0.0,1.0
2016-10-09,7.294,7.29,7.2,7.249,10000.0,0.0,1.0,6.79745469395851,6.793726997389299,6.709853824582023,6.755518107554873,10000.0,1.0
2016-10-06,7.294,7.294,7.294,7.294,200.0,0.0,1.0,6.79745469395851,6.79745469395851,6.79745469395851,6.79745469395851,200.0,1.0
2016-10-05,7.271,7.2989999999999995,7.25,7.294,10500.0,0.0,1.0,6.77602043868554,6.802114314670026,6.756450031697176,6.79745469395851,10500.0,1.0
2016-09-29,7.441,7.5,7.0,7.271,9152.0,0.0,1.0,6.93444754287706,6.989431067272941,6.523468996121411,6.77602043868554,9152.0,1.0
2016-09-28,7.176,7.599,7.35,7.441,330.0,0.0,1.0,6.68748764516675,7.081691557360943,6.849642445927482,6.93444754287706,330.0,1.0
2016-09-27,7.176,,,7.176,0.0,0.0,1.0,6.68748764516675,,,6.68748764516675,0.0,1.0
2016-09-26,7.2,7.24,7.115,7.176,6283.0,0.0,1.0,6.709853824582023,6.747130790274146,6.630640272486263,6.68748764516675,6283.0,1.0
2016-09-25,7.2,,,7.2,0.0,0.0,1.0,6.709853824582023,,,6.709853824582023,0.0,1.0
2016-09-22,7.2,7.36,7.1,7.2,25738.0,0.0,1.0,6.709853824582023,6.858961687350512,6.616661410351717,6.709853824582023,25738.0,1.0
2016-09-21,7.336,7.2010000000000005,7.2,7.2,3102.0,0.0,1.0,6.83659550793524,6.7107857487243265,6.709853824582023,6.709853824582023,3102.0,1.0
2016-09-20,7.622000000000001,7.48,7.2,7.336,12437.0,0.0,1.0,7.103125812633914,6.97079258442688,6.709853824582023,6.83659550793524,12437.0,1.0
2016-09-19,7.66,7.66,7.66,7.622000000000001,1.0,0.0,1.0,7.13853893004143,7.13853893004143,7.13853893004143,7.103125812633914,1.0,1.0
2016-09-18,7.79,7.79,7.59,7.622000000000001,2098.0,0.0,1.0,7.259689068540828,7.259689068540828,7.0733042400802155,7.103125812633914,2098.0,1.0
2016-09-15,7.645,7.645,7.645,7.645,1308.0,0.0,1.0,7.1245600679068835,7.1245600679068835,7.1245600679068835,7.1245600679068835,1308.0,1.0
2016-09-14,7.79,7.79,7.79,7.645,90.0,0.0,1.0,7.259689068540828,7.259689068540828,7.259689068540828,7.1245600679068835,90.0,1.0
2016-09-13,7.496,7.789,7.5,7.5729999999999995,3029.0,0.0,1.0,6.985703370703729,7.258757144398524,6.989431067272941,7.057461529661063,3029.0,1.0
2016-09-12,7.496,7.496,7.496,7.496,500.0,0.0,1.0,6.985703370703729,6.985703370703729,6.985703370703729,6.985703370703729,500.0,1.0
2016-09-11,7.39,7.76,7.31,7.496,5752.0,0.0,1.0,6.886919411619604,7.2317313442717355,6.812365480235359,6.985703370703729,5752.0,1.0
2016-09-08,7.732,7.55,7.55,7.55,2500.0,0.0,1.0,7.20563746828725,7.036027274388093,7.036027274388093,7.036027274388093,2500.0,1.0
2016-09-07,7.732,,,7.732,0.0,0.0,1.0,7.20563746828725,,,7.20563746828725,0.0,1.0
2016-09-06,7.99,7.99,7.73,7.732,307.0,0.0,1.0,7.4460738970014395,7.4460738970014395,7.203773620002645,7.20563746828725,307.0,1.0
2016-09-05,7.7,7.7,7.399,7.447,3590.0,0.0,1.0,7.175815895733552,7.175815895733552,6.895306728900332,6.940039087730878,3590.0,1.0
2016-09-04,7.385,7.386,7.35,7.374,3911.0,0.0,1.0,6.882259790908089,6.883191715050392,6.849642445927482,6.872008625342755,3911.0,1.0
2016-09-01,7.374,7.45,7.45,7.385,38.0,0.0,1.0,6.872008625342755,6.942834860157788,6.942834860157788,6.882259790908089,38.0,1.0
2016-08-31,7.3,7.499,7.19,7.374,6998.0,0.0,1.0,6.803046238812329,6.988499143130637,6.700534583158992,6.872008625342755,6998.0,1.0
2016-08-30,7.49,7.49,7.191,7.471,553.0,0.0,1.0,6.98011182584991,6.98011182584991,6.701466507301295,6.962405267146152,553.0,1.0
2016-08-29,7.399,7.399,7.19,7.307,4950.0,0.0,1.0,6.895306728900332,6.895306728900332,6.700534583158992,6.809569707808451,4950.0,1.0
2016-08-28,6.812,7.36,6.812,7.234,9581.0,0.0,1.0,6.348267257368437,6.858961687350512,6.348267257368437,6.741539245420327,9581.0,1.0
2016-08-25,7.11,7.3389999999999995,6.981,7.007999999999999,39968.0,0.0,1.0,6.625980651774748,6.839391280362148,6.505762437417653,6.530924389259835,39968.0,1.0
2016-08-24,6.75,7.34,6.75,7.087999999999999,41363.0,0.0,1.0,6.290487960545646,6.840323204504451,6.290487960545646,6.60547832064408,41363.0,1.0
2016-08-23,6.638,,,6.638,0.0,0.0,1.0,6.186112456607704,,,6.186112456607704,0.0,1.0
2016-08-22,6.574,6.7,6.56,6.638,7414.0,0.0,1.0,6.126469311500308,6.243891753430494,6.113422373508065,6.186112456607704,7414.0,1.0
2016-08-21,6.574,,,6.574,0.0,0.0,1.0,6.126469311500308,,,6.126469311500308,0.0,1.0
2016-08-18,6.542999999999999,6.61,6.54,6.574,1587.0,0.0,1.0,6.097579663088913,6.160018580623219,6.094783890662004,6.126469311500308,1587.0,1.0
2016-08-17,6.544,6.55,6.54,6.542999999999999,5000.0,0.0,1.0,6.098511587231216,6.104103132085035,6.094783890662004,6.097579663088913,5000.0,1.0
2016-08-16,6.596,6.65,6.54,6.544,14250.0,0.0,1.0,6.146971642630976,6.197295546315341,6.094783890662004,6.098511587231216,14250.0,1.0
2016-08-15,6.57,6.6,6.57,6.596,533.0,0.0,1.0,6.122741614931097,6.150699339200187,6.122741614931097,6.146971642630976,533.0,1.0
2016-08-11,6.6,6.7,6.561,6.69,15206.0,0.0,1.0,6.150699339200187,6.243891753430494,6.114354297650369,6.234572512007463,15206.0,1.0
2016-08-10,6.5489999999999995,6.6,6.501,6.6,15801.0,0.0,1.0,6.103171207942731,6.150699339200187,6.058438849112186,6.150699339200187,15801.0,1.0
2016-08-09,6.58,6.6,6.52,6.5489999999999995,2806.0,0.0,1.0,6.132060856354126,6.150699339200187,6.076145407815942,6.103171207942731,2806.0,1.0
2016-08-08,6.51,6.6,6.51,6.58,10374.0,0.0,1.0,6.066826166392913,6.150699339200187,6.066826166392913,6.132060856354126,10374.0,1.0
2016-08-07,6.54,6.62,6.62,6.62,3029.0,0.0,1.0,6.094783890662004,6.169337822046249,6.169337822046249,6.169337822046249,3029.0,1.0
2016-08-04,6.556,6.8,6.5,6.54,2884.0,0.0,1.0,6.109694676938854,6.337084167660799,6.057506924969882,6.094783890662004,2884.0,1.0
2016-08-03,6.525,6.8,6.48,6.556,1574.0,0.0,1.0,6.080805028527458,6.337084167660799,6.038868442123821,6.109694676938854,1574.0,1.0
2016-08-02,6.481,6.7989999999999995,6.48,6.525,24677.0,0.0,1.0,6.039800366266124,6.336152243518496,6.038868442123821,6.080805028527458,24677.0,1.0
2016-08-01,6.81,6.95,6.41,6.481,222659.0,0.0,1.0,6.3464034090838295,6.476872789006259,5.973633752162606,6.039800366266124,222659.0,1.0
2016-07-31,6.284,6.796,6.65,6.721,2387.0,0.0,1.0,5.856211310232421,6.333356471091587,6.197295546315341,6.263462160418858,2387.0,1.0
2016-07-28,6.14,6.45,6.1,6.284,87179.0,0.0,1.0,5.72201423374078,6.010910717854729,5.684737268048658,5.856211310232421,87179.0,1.0
2016-07-27,6.308,6.2,6.14,6.194,16075.0,0.0,1.0,5.878577489647695,5.777929682278964,5.72201423374078,5.7723381374251455,16075.0,1.0
2016-07-26,6.45,6.45,6.2,6.308,14011.0,0.0,1.0,6.010910717854729,6.010910717854729,5.777929682278964,5.878577489647695,14011.0,1.0
2016-07-25,6.457999999999999,6.49,6.39,6.432,6953.0,0.0,1.0,6.018366110993153,6.0481876835468515,5.954995269316545,5.994136083293275,6953.0,1.0
2016-07-24,6.317,6.5,6.35,6.457999999999999,1851.0,0.0,1.0,5.886964806928423,6.057506924969882,5.917718303624423,6.018366110993153,1851.0,1.0
2016-07-21,6.2,6.4,6.2,6.317,6140.0,0.0,1.0,5.777929682278964,5.964314510739577,5.777929682278964,5.886964806928423,6140.0,1.0
2016-07-20,6.3260000000000005,6.32,6.15,6.194,24956.0,0.0,1.0,5.8953521242091504,5.889760579355332,5.731333475163812,5.7723381374251455,24956.0,1.0
2016-07-19,6.4,6.4,6.3,6.3260000000000005,11187.0,0.0,1.0,5.964314510739577,5.964314510739577,5.87112209650927,5.8953521242091504,11187.0,1.0
2016-07-18,6.56,6.5,6.25,6.438,27223.0,0.0,1.0,6.113422373508065,6.057506924969882,5.824525889394117,5.999727628147092,27223.0,1.0
2016-07-17,6.776,6.8,6.51,6.56,7158.0,0.0,1.0,6.314717988245526,6.337084167660799,6.066826166392913,6.113422373508065,7158.0,1.0
2016-07-14,6.7,7.329,6.7,6.776,17427.0,0.0,1.0,6.243891753430494,6.830072038939117,6.243891753430494,6.314717988245526,17427.0,1.0
2016-07-13,6.625,6.76,6.7,6.7410000000000005,17288.0,0.0,1.0,6.173997442757765,6.299807201968677,6.243891753430494,6.282100643264919,17288.0,1.0
2016-07-12,6.557,6.99,6.6,6.625,16688.0,0.0,1.0,6.110626601081156,6.514149754698381,6.150699339200187,6.173997442757765,16688.0,1.0
2016-07-11,6.5,6.6,6.5,6.557,8115.0,0.0,1.0,6.057506924969882,6.150699339200187,6.057506924969882,6.110626601081156,8115.0,1.0
2016-07-10,6.343999999999999,6.7,6.49,6.5,11023.0,0.0,1.0,5.912126758770604,6.243891753430494,6.0481876835468515,6.057506924969882,11023.0,1.0
2016-07-07,6.343999999999999,6.321000000000001,6.321000000000001,6.343999999999999,2.0,0.0,1.0,5.912126758770604,5.890692503497635,5.890692503497635,5.912126758770604,2.0,1.0
2016-07-06,6.3870000000000005,6.353,6.315,6.343999999999999,4425.0,0.0,1.0,5.952199496889636,5.920514076051332,5.885100958643816,5.912126758770604,4425.0,1.0
2016-07-05,6.397,6.4,6.351,6.3870000000000005,11900.0,0.0,1.0,5.961518738312667,5.964314510739577,5.918650227766726,5.952199496889636,11900.0,1.0
2016-07-04,6.321000000000001,6.47,6.321000000000001,6.397,17046.0,0.0,1.0,5.890692503497635,6.02954920070079,5.890692503497635,5.961518738312667,17046.0,1.0
2016-07-03,6.278,6.434,6.313,6.372999999999999,4355.0,0.0,1.0,5.850619765378602,5.99599993157788,5.88323711035921,5.939152558897393,4355.0,1.0
2016-06-30,6.178999999999999,6.35,5.944,6.278,114452.0,0.0,1.0,5.7583592752906,5.917718303624423,5.539357101849381,5.850619765378602,114452.0,1.0
2016-06-29,5.7,6.2,5.7,5.933,52443.0,0.0,1.0,5.311967611127435,5.777929682278964,5.311967611127435,5.529105936284047,52443.0,1.0
2016-06-28,4.123,6.55,4.111000000000001,5.857,617684.0,0.0,1.0,3.8423232387155113,6.104103132085035,3.8311401490078754,5.458279701469015,617684.0,1.0
