RESULT_COUNT: 596,PAGE_SIZE: 10000,CURRENT_PAGE: 1,TOTAL_PAGES: 1,API_CALL_CREDITS: 1
TICKER,FIGI_TICKER,FIGI,DATE,OPEN,HIGH,LOW,CLOSE,VOLUME,EX_DIVIDEND,SPLIT_RATIO,ADJ_OPEN,ADJ_HIGH,ADJ_LOW,ADJ_CLOSE,ADJ_VOLUME,ADJ_FACTOR
IND50.28,IND50.28:IT,BBG000P89647,2018-09-04,5.6979999999999995,5.706,5.678999999999999,5.694,24143.0,0.0,1.0,5.6979999999999995,5.706,5.678999999999999,5.694,24143.0,1.0
MZOR,MZOR:IT,BBG000R4ZFF3,2018-09-04,87.99,88.0,86.8,87.25,78170.0,0.0,1.0,87.99,88.0,86.8,87.25,78170.0,1.0
KSKND.46,KSKND.46:IT,BBG000RR4YG4,2018-09-04,25.52,25.4,25.12,25.21,2885.0,0.0,1.0,25.52,25.4,25.12,25.21,2885.0,1.0
TIGBUR,TIGBUR:IT,BBG000PPNC86,2018-09-04,11.31,11.26,11.25,11.25,6300.0,0.0,1.0,11.31,11.26,11.25,11.25,6300.0,1.0
HMAM,HMAM:IT,BBG000PPLLY9,2018-09-04,3.23,,,3.23,0.0,0.0,1.0,3.23,,,3.23,0.0,1.0
PS.DJAS3,PS.DJAS3:IT,BBG000RVBQQ3,2018-09-04,51.13,51.34,51.34,51.34,215.0,0.0,1.0,51.13,51.34,51.34,51.34,215.0,1.0
ORAD,ORAD:IT,BBG000NS20Q1,2018-09-04,1.381,,,1.381,0.0,0.0,1.0,1.381,,,1.381,0.0,1.0
MGOR,MGOR:IT,BBG000NTCXP7,2018-09-04,40.36,40.65,39.61,39.85,15275.0,0.0,1.0,40.36,40.65,39.61,39.85,15275.0,1.0
RVL,RVL:IT,BBG000KNTS94,2018-09-04,5.665,5.66,5.587999999999999,5.608,44526.0,0.0,1.0,5.665,5.66,5.587999999999999,5.608,44526.0,1.0
GOLD,GOLD:IT,BBG000BYXN41,2018-09-04,144.4,147.8,147.0,147.4,140.0,0.0,1.0,144.4,147.8,147.0,147.4,140.0,1.0
HRON,HRON:IT,BBG000BYYS85,2018-09-04,1499.0,1469.0,1469.0,1469.0,1.0,0.0,1.0,1499.0,1469.0,1469.0,1469.0,1.0,1.0
MNRV,MNRV:IT,BBG000BZ7S55,2018-09-04,397.1,398.8,394.8,398.1,433.0,0.0,1.0,397.1,398.8,394.8,398.1,433.0,1.0
MLTM,MLTM:IT,BBG000BZ8288,2018-09-04,390.9,390.8,375.0,381.4,720.0,0.0,1.0,390.9,390.8,375.0,381.4,720.0,1.0
ONE,ONE:IT,BBG000LL6MR5,2018-09-04,148.3,148.6,147.4,148.3,1461.0,0.0,1.0,148.3,148.6,147.4,148.3,1461.0,1.0
NTO,NTO:IT,BBG000FK4RV0,2018-09-04,289.8,295.0,284.0,286.9,2262.0,0.0,1.0,289.8,295.0,284.0,286.9,2262.0,1.0
FVT,FVT:IT,BBG000MPW5R3,2018-09-04,0.376,0.391,0.37,0.377,31300.0,0.0,1.0,0.376,0.391,0.37,0.377,31300.0,1.0
INTR,INTR:IT,BBG000KFHJ21,2018-09-04,80.0,81.51,80.43,81.51,500.0,0.0,1.0,80.0,81.51,80.43,81.51,500.0,1.0
IBI,IBI:IT,BBG000BZDV33,2018-09-04,41.15,41.3,40.02,40.14,443.0,0.0,1.0,41.15,41.3,40.02,40.14,443.0,1.0
ANGL,ANGL:IT,BBG000C00YQ2,2018-09-04,36.79,35.27,35.25,35.26,481.0,0.0,1.0,36.79,35.27,35.25,35.26,481.0,1.0
ECJM,ECJM:IT,BBG000FK3F92,2018-09-04,9.92,9.92,9.701,9.736,292412.0,0.0,1.0,9.92,9.92,9.701,9.736,292412.0,1.0
LEOF,LEOF:IT,BBG000C2JHT2,2018-09-04,0.47,0.48200000000000004,0.452,0.46,84080.0,0.0,1.0,0.47,0.48200000000000004,0.452,0.46,84080.0,1.0
NAWI,NAWI:IT,BBG000C4NJ28,2018-09-04,22.35,22.35,22.0,22.16,95975.0,0.0,1.0,22.35,22.35,22.0,22.16,95975.0,1.0
AYAL,AYAL:IT,BBG000FLBBC6,2018-09-04,22.96,23.01,22.5,22.85,365.0,0.0,1.0,22.96,23.01,22.5,22.85,365.0,1.0
WSMK,WSMK:IT,BBG000BTBYM2,2018-09-04,0.16899999999999998,0.17300000000000001,0.16699999999999998,0.16899999999999998,72602.0,0.0,1.0,0.16899999999999998,0.17300000000000001,0.16699999999999998,0.16899999999999998,72602.0,1.0
CLIS,CLIS:IT,BBG000BK0F62,2018-09-04,63.18,64.3,63.25,63.55,37595.0,0.0,1.0,63.18,64.3,63.25,63.55,37595.0,1.0
IBLD,IBLD:IT,BBG000BJGMM5,2018-09-04,5.14,5.14,5.042,5.062,87859.0,0.0,1.0,5.14,5.14,5.042,5.062,87859.0,1.0
BEZQ,BEZQ:IT,BBG000BJDD39,2018-09-04,4.21,4.231,4.119,4.16,10240950.0,0.0,1.0,4.21,4.231,4.119,4.16,10240950.0,1.0
ISRA.L,ISRA.L:IT,BBG000G1BWN1,2018-09-04,0.40700000000000003,0.41,0.40299999999999997,0.41,19164462.0,0.0,1.0,0.40700000000000003,0.41,0.40299999999999997,0.41,19164462.0,1.0
GOHO,GOHO:IT,BBG000DMRFQ5,2018-09-04,14.33,14.5,14.5,14.5,140.0,0.0,1.0,14.33,14.5,14.5,14.5,140.0,1.0
MMAN,MMAN:IT,BBG000FK3MC3,2018-09-04,7.579,7.579,7.579,7.579,30.0,0.0,1.0,7.579,7.579,7.579,7.579,30.0,1.0
BNTM-M,BNTM-M:IT,BBG000DNWMC7,2018-09-04,,,,0.08,0.0,0.0,1.0,,,,0.08,0.0,1.0
ASPR,ASPR:IT,BBG000DP9HW7,2018-09-04,15.9,16.26,15.63,15.81,37480.0,0.0,1.0,15.9,16.26,15.63,15.81,37480.0,1.0
MEDI,MEDI:IT,BBG000DWHGD6,2018-09-04,14.1,14.0,14.0,14.0,1040.0,0.0,1.0,14.1,14.0,14.0,14.0,1040.0,1.0
FORTY,FORTY:IT,BBG000JN58H7,2018-09-04,152.9,153.3,148.7,150.4,17122.0,0.0,1.0,152.9,153.3,148.7,150.4,17122.0,1.0
MRHL,MRHL:IT,BBG000DWVH48,2018-09-04,0.396,0.396,0.396,0.396,10000.0,0.0,1.0,0.396,0.396,0.396,0.396,10000.0,1.0
TDRN,TDRN:IT,BBG000D8L414,2018-09-04,94.51,95.4,94.03,95.19,10137.0,0.0,1.0,94.51,95.4,94.03,95.19,10137.0,1.0
ORBI,ORBI:IT,BBG000F5DX04,2018-09-04,13.37,13.38,12.65,12.79,35176.0,0.0,1.0,13.37,13.38,12.65,12.79,35176.0,1.0
ROBO,ROBO:IT,BBG000DTC0H9,2018-09-04,1.173,1.149,1.147,1.148,8491.0,0.0,1.0,1.173,1.149,1.147,1.148,8491.0,1.0
TREN,TREN:IT,BBG000FLGHB9,2018-09-04,17.3,17.49,16.99,17.37,490.0,0.0,1.0,17.3,17.49,16.99,17.37,490.0,1.0
NICE,NICE:IT,BBG000G1WXQ3,2018-09-04,423.0,423.0,417.8,420.3,81735.0,0.0,1.0,423.0,423.0,417.8,420.3,81735.0,1.0
FNTS,FNTS:IT,BBG000G1WZT5,2018-09-04,3.602,3.68,3.261,3.424,278161.0,0.0,1.0,3.602,3.68,3.261,3.424,278161.0,1.0
CAST,CAST:IT,BBG000FMC5Y2,2018-09-04,103.5,103.2,98.37,98.37,4716.0,0.0,1.0,103.5,103.2,98.37,98.37,4716.0,1.0
IMCO,IMCO:IT,BBG000G1X0Q4,2018-09-04,9.717,10.13,9.987,10.06,394.0,0.0,1.0,9.717,10.13,9.987,10.06,394.0,1.0
BRAN,BRAN:IT,BBG000BMH5P1,2018-09-04,7.239,7.15,7.15,7.15,855.0,0.0,1.0,7.239,7.15,7.15,7.15,855.0,1.0
SCOP,SCOP:IT,BBG000G1X3J6,2018-09-04,104.3,105.1,102.4,103.2,7274.0,0.0,1.0,104.3,105.1,102.4,103.2,7274.0,1.0
TUZA,TUZA:IT,BBG000G1X5L8,2018-09-04,0.499,0.499,0.499,0.499,1000.0,0.0,1.0,0.499,0.499,0.499,0.499,1000.0,1.0
AVRT,AVRT:IT,BBG000FLKDP8,2018-09-04,0.256,0.248,0.24600000000000002,0.247,32000.0,0.0,1.0,0.256,0.248,0.24600000000000002,0.247,32000.0,1.0
RSEL,RSEL:IT,BBG000G1X9N8,2018-09-04,1.65,1.7,1.633,1.6540000000000001,17612.0,0.0,1.0,1.65,1.7,1.633,1.6540000000000001,17612.0,1.0
ARKO,ARKO:IT,BBG000MVB7Q0,2018-09-04,2.07,2.07,2.0269999999999997,2.033,276968.0,0.0,1.0,2.07,2.07,2.0269999999999997,2.033,276968.0,1.0
ASHO,ASHO:IT,BBG000BWWH21,2018-09-04,10.75,11.6,10.75,11.33,46589.0,0.0,1.0,10.75,11.6,10.75,11.33,46589.0,1.0
ASGR,ASGR:IT,BBG000BFFT67,2018-09-04,6.595,6.6579999999999995,6.47,6.518,26853.0,0.0,1.0,6.595,6.6579999999999995,6.47,6.518,26853.0,1.0
DANE,DANE:IT,BBG000C4P0H1,2018-09-04,187.0,187.2,179.7,182.9,16464.0,0.0,1.0,187.0,187.2,179.7,182.9,16464.0,1.0
FBRT,FBRT:IT,BBG000G1YMT2,2018-09-04,89.49,91.29,89.49,90.63,13369.0,0.0,1.0,89.49,91.29,89.49,90.63,13369.0,1.0
LDER,LDER:IT,BBG000BNPDQ2,2018-09-04,0.371,0.375,0.371,0.375,8742.0,0.0,1.0,0.371,0.375,0.371,0.375,8742.0,1.0
MLSR,MLSR:IT,BBG000BNJKK9,2018-09-04,163.9,164.6,160.8,163.7,21382.0,0.0,1.0,163.9,164.6,160.8,163.7,21382.0,1.0
PRTC,PRTC:IT,BBG000P273J3,2018-09-04,37.25,37.6,36.66,37.06,2412.0,0.0,1.0,37.25,37.6,36.66,37.06,2412.0,1.0
PEN,PEN:IT,BBG000BRNHD0,2018-09-04,1.811,1.81,1.808,1.8090000000000002,14975.0,0.0,1.0,1.811,1.81,1.808,1.8090000000000002,14975.0,1.0
CMER,CMER:IT,BBG000BT2108,2018-09-04,16.0,16.0,16.0,15.95,15.0,0.0,1.0,16.0,16.0,16.0,15.95,15.0,1.0
SEFA,SEFA:IT,BBG000JVFGB6,2018-09-04,0.42,0.433,0.42,0.425,29900.0,0.0,1.0,0.42,0.433,0.42,0.425,29900.0,1.0
CHAM,CHAM:IT,BBG000FMPQ72,2018-09-04,1.412,,,1.412,0.0,0.0,1.0,1.412,,,1.412,0.0,1.0
HAHO-L,HAHO-L:IT,BBG000BV1186,2018-09-04,4.523,4.523,4.523,4.523,1112.0,0.0,1.0,4.523,4.523,4.523,4.523,1112.0,1.0
MDIN.L,MDIN.L:IT,BBG000G2XPX9,2018-09-04,11.59,11.59,11.24,11.31,21390.0,0.0,1.0,11.59,11.59,11.24,11.31,21390.0,1.0
VISN,VISN:IT,BBG000FL37Z9,2018-09-04,56.13,,,56.13,0.0,0.0,1.0,56.13,,,56.13,0.0,1.0
HOD,HOD:IT,BBG000BWH043,2018-09-04,17.93,18.33,17.9,18.16,9170.0,0.0,1.0,17.93,18.33,17.9,18.16,9170.0,1.0
TLSY,TLSY:IT,BBG000BWVJ64,2018-09-04,44.97,44.97,43.0,43.0,1892.0,0.0,1.0,44.97,44.97,43.0,43.0,1892.0,1.0
APLY,APLY:IT,BBG000BZ1TT3,2018-09-04,3.6,3.64,3.43,3.4619999999999997,25394.0,0.0,1.0,3.6,3.64,3.43,3.4619999999999997,25394.0,1.0
ARNA,ARNA:IT,BBG000C0P070,2018-09-04,0.022000000000000002,0.022000000000000002,0.021,0.021,225889.0,0.0,1.0,0.022000000000000002,0.022000000000000002,0.021,0.021,225889.0,1.0
WLFD,WLFD:IT,BBG000C34M33,2018-09-04,19.67,19.85,19.1,19.53,762.0,0.0,1.0,19.67,19.85,19.1,19.53,762.0,1.0
AURA,AURA:IT,BBG000FLJ0C2,2018-09-04,2.314,2.3,2.255,2.265,62005.0,0.0,1.0,2.314,2.3,2.255,2.265,62005.0,1.0
EMCO,EMCO:IT,BBG000FJDKB0,2018-09-04,10.87,10.87,10.72,10.81,11980.0,0.0,1.0,10.87,10.87,10.72,10.81,11980.0,1.0
APIO.M,APIO.M:IT,BBG000CKCHR1,2018-09-04,,,,0.022000000000000002,0.0,0.0,1.0,,,,0.022000000000000002,0.0,1.0
HAMAT,HAMAT:IT,BBG000CKCJK4,2018-09-04,10.83,11.43,10.98,11.35,57292.0,0.0,1.0,10.83,11.43,10.98,11.35,57292.0,1.0
QNCO,QNCO:IT,BBG000HFG3G6,2018-09-04,7.147,7.5,7.0,7.319,15638.0,0.0,1.0,7.147,7.5,7.0,7.319,15638.0,1.0
ALRPR,ALRPR:IT,BBG000C33N87,2018-09-04,116.2,118.8,115.1,116.5,10508.0,0.0,1.0,116.2,118.8,115.1,116.5,10508.0,1.0
CFX,CFX:IT,BBG000FKRVS0,2018-09-04,6.724,6.789,6.506,6.654,4750.0,0.0,1.0,6.724,6.789,6.506,6.654,4750.0,1.0
ALHE,ALHE:IT,BBG000FKRYJ4,2018-09-04,37.9,38.1,37.5,37.77,160743.0,0.0,1.0,37.9,38.1,37.5,37.77,160743.0,1.0
RLCO,RLCO:IT,BBG000M931R0,2018-09-04,24.56,24.31,24.31,24.49,23.0,0.0,1.0,24.56,24.31,24.31,24.49,23.0,1.0
RATI.L,RATI.L:IT,BBG000FMPNC3,2018-09-04,2.56,2.572,2.508,2.52,837710.0,0.0,1.0,2.56,2.572,2.508,2.52,837710.0,1.0
BRIL,BRIL:IT,BBG000FLSX94,2018-09-04,8.773,9.0,8.773,8.982000000000001,578.0,0.0,1.0,8.773,9.0,8.773,8.982000000000001,578.0,1.0
DUNI,DUNI:IT,BBG000BYWGF5,2018-09-04,69.62,69.62,68.61,69.0,2188.0,0.0,1.0,69.62,69.62,68.61,69.0,2188.0,1.0
TMDA-M,TMDA-M:IT,BBG000FMSKM5,2018-09-04,1.35,1.35,1.35,1.35,330.0,0.0,1.0,1.35,1.35,1.35,1.35,330.0,1.0
PAYT,PAYT:IT,BBG000G1NYK7,2018-09-04,62.58,64.3,58.01,59.85,29421.0,0.0,1.0,62.58,64.3,58.01,59.85,29421.0,1.0
AVIA,AVIA:IT,BBG000G1NZ88,2018-09-04,11.87,11.87,11.37,11.44,1363.0,0.0,1.0,11.87,11.87,11.37,11.44,1363.0,1.0
VILR,VILR:IT,BBG000G1ZS72,2018-09-04,94.96,94.79,94.7,94.75,90.0,0.0,1.0,94.96,94.79,94.7,94.75,90.0,1.0
NTGR,NTGR:IT,BBG000FKQM10,2018-09-04,5.03,5.03,4.98,5.029,6734.0,0.0,1.0,5.03,5.03,4.98,5.029,6734.0,1.0
SRAC,SRAC:IT,BBG000KBV4G2,2018-09-04,17.27,17.44,17.27,17.44,8324.0,0.0,1.0,17.27,17.44,17.27,17.44,8324.0,1.0
SRFT,SRFT:IT,BBG000G20079,2018-09-04,11.6,11.74,11.6,11.68,385.0,0.0,1.0,11.6,11.74,11.6,11.68,385.0,1.0
IES,IES:IT,BBG000G204H0,2018-09-04,174.9,175.6,172.8,174.1,1327.0,0.0,1.0,174.9,175.6,172.8,174.1,1327.0,1.0
MCTC,MCTC:IT,BBG000G20685,2018-09-04,0.53,0.532,0.518,0.525,95263.0,0.0,1.0,0.53,0.532,0.518,0.525,95263.0,1.0
ISCN,ISCN:IT,BBG000M3B0D1,2018-09-04,3.11,3.11,3.048,3.0660000000000003,87546.0,0.0,1.0,3.11,3.11,3.048,3.0660000000000003,87546.0,1.0
CRMT,CRMT:IT,BBG000KP6HQ9,2018-09-04,10.3,10.69,10.69,10.4,50.0,0.0,1.0,10.3,10.69,10.69,10.4,50.0,1.0
CISY,CISY:IT,BBG000FMPV62,2018-09-04,5.792000000000001,,,5.792000000000001,0.0,0.0,1.0,5.792000000000001,,,5.792000000000001,0.0,1.0
AVIV,AVIV:IT,BBG000FLM3Q7,2018-09-04,11.59,,,11.59,0.0,0.0,1.0,11.59,,,11.59,0.0,1.0
MTRX,MTRX:IT,BBG000PB0382,2018-09-04,44.11,44.2,42.6,42.79,100059.0,0.0,1.0,44.11,44.2,42.6,42.79,100059.0,1.0
ULTR-M,ULTR-M:IT,BBG000M7Q9F5,2018-09-04,18.37,12.2,12.2,17.08,23.0,0.0,1.0,18.37,12.2,12.2,17.08,23.0,1.0
GAGR,GAGR:IT,BBG000FK59B1,2018-09-04,4.019,4.02,3.762,3.8360000000000003,2889.0,0.0,1.0,4.019,4.02,3.762,3.8360000000000003,2889.0,1.0
NETZ,NETZ:IT,BBG000FLQ1H7,2018-09-04,0.515,,,0.515,0.0,0.0,1.0,0.515,,,0.515,0.0,1.0
TGTR,TGTR:IT,BBG000FL3592,2018-09-04,8.6,8.785,8.25,8.324,296448.0,0.0,1.0,8.6,8.785,8.25,8.324,296448.0,1.0
LUZN,LUZN:IT,BBG000FN0RB0,2018-09-04,0.452,0.44,0.419,0.425,246497.0,0.0,1.0,0.452,0.44,0.419,0.425,246497.0,1.0
EMTC,EMTC:IT,BBG000G22KG3,2018-09-04,1.06,1.052,1.051,1.051,13408.0,0.0,1.0,1.06,1.052,1.051,1.051,13408.0,1.0
DEDR.L,DEDR.L:IT,BBG000G22NZ6,2018-09-04,10.3,10.3,10.03,10.18,1553292.0,0.0,1.0,10.3,10.3,10.03,10.18,1553292.0,1.0
TALD,TALD:IT,BBG000G22QZ9,2018-09-04,16.09,16.3,15.95,16.06,5044.0,0.0,1.0,16.09,16.3,15.95,16.06,5044.0,1.0
GLVR-M,GLVR-M:IT,BBG000G22Y91,2018-09-04,11.8,,,11.8,0.0,0.0,1.0,11.8,,,11.8,0.0,1.0
BONS,BONS:IT,BBG000G22TJ1,2018-09-04,0.5820000000000001,0.593,0.5820000000000001,0.5870000000000001,417274.0,0.0,1.0,0.5820000000000001,0.593,0.5820000000000001,0.5870000000000001,417274.0,1.0
YBOX,YBOX:IT,BBG000G22WL1,2018-09-04,0.6890000000000001,0.6890000000000001,0.67,0.684,7908.0,0.0,1.0,0.6890000000000001,0.6890000000000001,0.67,0.684,7908.0,1.0
ADO,ADO:IT,BBG000FLHYF7,2018-09-04,86.0,86.47,83.6,85.36,71221.0,0.0,1.0,86.0,86.47,83.6,85.36,71221.0,1.0
GIVO.L,GIVO.L:IT,BBG000G231G4,2018-09-04,,,,0.01,0.0,0.0,1.0,,,,0.01,0.0,1.0
CMDR,CMDR:IT,BBG000G249B1,2018-09-04,112.6,112.5,110.0,111.9,70.0,0.0,1.0,112.6,112.5,110.0,111.9,70.0,1.0
KAFR,KAFR:IT,BBG000G25M30,2018-09-04,18.16,18.6,18.02,18.46,5879.0,0.0,1.0,18.16,18.6,18.02,18.46,5879.0,1.0
RAVD,RAVD:IT,BBG000G25PS6,2018-09-04,7.266,7.313,7.25,7.269,2129.0,0.0,1.0,7.266,7.313,7.25,7.269,2129.0,1.0
MABR,MABR:IT,BBG000G25RJ2,2018-09-04,41.0,41.23,40.8,41.03,10576.0,0.0,1.0,41.0,41.23,40.8,41.03,10576.0,1.0
BIRM,BIRM:IT,BBG000FLRK57,2018-09-04,15.3,15.3,15.3,15.3,653.0,0.0,1.0,15.3,15.3,15.3,15.3,653.0,1.0
BOTI-L,BOTI-L:IT,BBG000FLSRF0,2018-09-04,3.741,,,3.741,0.0,0.0,1.0,3.741,,,3.741,0.0,1.0
GSFI,GSFI:IT,BBG000G25SB8,2018-09-04,35.95,36.58,36.2,36.36,4317.0,0.0,1.0,35.95,36.58,36.2,36.36,4317.0,1.0
BRND,BRND:IT,BBG000FLSVC4,2018-09-04,5.26,,,5.26,0.0,0.0,1.0,5.26,,,5.26,0.0,1.0
ROTS,ROTS:IT,BBG000N5SM67,2018-09-04,17.26,16.45,15.0,15.86,2108.0,0.0,1.0,17.26,16.45,15.0,15.86,2108.0,1.0
KNFM,KNFM:IT,BBG000G262Z8,2018-09-04,13.55,13.35,12.67,13.02,3092.0,0.0,1.0,13.55,13.35,12.67,13.02,3092.0,1.0
MYDS,MYDS:IT,BBG000G25ZY7,2018-09-04,0.6829999999999999,,,0.6829999999999999,0.0,0.0,1.0,0.6829999999999999,,,0.6829999999999999,0.0,1.0
STG,STG:IT,BBG000FN3KY7,2018-09-04,8.662,,,8.662,0.0,0.0,1.0,8.662,,,8.662,0.0,1.0
DLEN,DLEN:IT,BBG000FMV072,2018-09-04,1348.0,1362.0,1348.0,1359.0,1748.0,0.0,1.0,1348.0,1362.0,1348.0,1359.0,1748.0,1.0
MMHD,MMHD:IT,BBG000G28FC2,2018-09-04,42.8,43.5,42.62,43.18,42428.0,0.0,1.0,42.8,43.5,42.62,43.18,42428.0,1.0
LEVI,LEVI:IT,BBG000G28J43,2018-09-04,133.5,134.1,127.6,130.6,887.0,0.0,1.0,133.5,134.1,127.6,130.6,887.0,1.0
ILCO,ILCO:IT,BBG000BV48T5,2018-09-04,1088.0,1090.0,1039.0,1055.0,13591.0,0.0,1.0,1088.0,1090.0,1039.0,1055.0,13591.0,1.0
AFHL,AFHL:IT,BBG000G28MR1,2018-09-04,153.3,156.5,150.0,153.0,3123.0,0.0,1.0,153.3,156.5,150.0,153.0,3123.0,1.0
JOEL,JOEL:IT,BBG000FK3GH1,2018-09-04,203.3,206.6,203.1,205.0,57412.0,0.0,1.0,203.3,206.6,203.1,205.0,57412.0,1.0
LBTL,LBTL:IT,BBG000JM1PM9,2018-09-04,9.514,9.513,9.513,9.513,654.0,0.0,1.0,9.514,9.513,9.513,9.513,654.0,1.0
HARL,HARL:IT,BBG000G28QX5,2018-09-04,29.73,29.78,29.32,29.67,151739.0,0.0,1.0,29.73,29.78,29.32,29.67,151739.0,1.0
ARYT,ARYT:IT,BBG000DQ5WW6,2018-09-04,1.829,1.83,1.815,1.8230000000000002,105549.0,0.0,1.0,1.829,1.83,1.815,1.8230000000000002,105549.0,1.0
EMDV,EMDV:IT,BBG000MHQG85,2018-09-04,26.5,26.5,26.5,26.5,144.0,0.0,1.0,26.5,26.5,26.5,26.5,144.0,1.0
FTIN,FTIN:IT,BBG000BK0KV3,2018-09-04,84.85,84.98,82.68,82.68,167840.0,0.0,1.0,84.85,84.98,82.68,82.68,167840.0,1.0
PLTF,PLTF:IT,BBG000JVMBJ1,2018-09-04,0.319,0.31,0.302,0.305,100000.0,0.0,1.0,0.319,0.31,0.302,0.305,100000.0,1.0
LUMI,LUMI:IT,BBG000BXB0V7,2018-09-04,23.86,23.86,23.49,23.72,4437746.0,0.0,1.0,23.86,23.86,23.49,23.72,4437746.0,1.0
AFIL,AFIL:IT,BBG000BK0LF9,2018-09-04,0.23600000000000002,0.24,0.21,0.213,6525201.0,0.0,1.0,0.23600000000000002,0.24,0.21,0.213,6525201.0,1.0
ILDC,ILDC:IT,BBG000FK28P1,2018-09-04,35.95,35.95,34.03,34.8,3805.0,0.0,1.0,35.95,35.95,34.03,34.8,3805.0,1.0
ISRS,ISRS:IT,BBG000LBQMC1,2018-09-04,418.3,420.0,416.4,418.1,893.0,0.0,1.0,418.3,420.0,416.4,418.1,893.0,1.0
KRUR,KRUR:IT,BBG000BBM436,2018-09-04,99.4,100.2,99.0,99.78,3742.0,0.0,1.0,99.4,100.2,99.0,99.78,3742.0,1.0
ALBA,ALBA:IT,BBG000BF62Z4,2018-09-04,43.55,44.88,43.2,43.56,5691.0,0.0,1.0,43.55,44.88,43.2,43.56,5691.0,1.0
DELT,DELT:IT,BBG000BJWBF9,2018-09-04,109.4,110.2,107.7,108.4,145832.0,0.0,1.0,109.4,110.2,107.7,108.4,145832.0,1.0
TEVA,TEVA:IT,BBG000HVWNL3,2018-09-04,83.87,83.9,81.07,82.32,599246.0,0.0,1.0,83.87,83.9,81.07,82.32,599246.0,1.0
SMNIN,SMNIN:IT,BBG000G2CV50,2018-09-04,6.3260000000000005,6.263,6.263,6.322,22.0,0.0,1.0,6.3260000000000005,6.263,6.263,6.322,22.0,1.0
DISI,DISI:IT,BBG000BJGKG6,2018-09-04,10.85,10.86,10.72,10.8,89287.0,0.0,1.0,10.85,10.86,10.72,10.8,89287.0,1.0
ABTR-M,ABTR-M:IT,BBG000PHLXH0,2018-09-04,0.319,,,0.319,0.0,0.0,1.0,0.319,,,0.319,0.0,1.0
LAPD,LAPD:IT,BBG000G2F171,2018-09-04,16.7,16.02,15.79,16.0,3979.0,0.0,1.0,16.7,16.02,15.79,16.0,3979.0,1.0
NFTA,NFTA:IT,BBG000FK6G24,2018-09-04,23.43,23.99,23.18,23.28,127107.0,0.0,1.0,23.43,23.99,23.18,23.28,127107.0,1.0
PLRM,PLRM:IT,BBG000BBBCF7,2018-09-04,22.9,23.1,22.78,22.91,4411.0,0.0,1.0,22.9,23.1,22.78,22.91,4411.0,1.0
AMAN,AMAN:IT,BBG000BW0F11,2018-09-04,21.39,21.38,21.38,21.38,140.0,0.0,1.0,21.39,21.38,21.38,21.38,140.0,1.0
NISA,NISA:IT,BBG000G2G8K0,2018-09-04,30.74,30.7,29.47,30.51,1206.0,0.0,1.0,30.74,30.7,29.47,30.51,1206.0,1.0
POLI,POLI:IT,BBG000F23M06,2018-09-04,26.4,26.66,26.22,26.27,2505691.0,0.0,1.0,26.4,26.66,26.22,26.27,2505691.0,1.0
TEFN,TEFN:IT,BBG000G2GHF6,2018-09-04,6.26,6.428,6.21,6.261,50320.0,0.0,1.0,6.26,6.428,6.21,6.261,50320.0,1.0
AVER,AVER:IT,BBG000FLKQZ8,2018-09-04,17.64,17.03,16.89,17.01,257.0,0.0,1.0,17.64,17.03,16.89,17.01,257.0,1.0
MEDN,MEDN:IT,BBG000FK3PF3,2018-09-04,175.8,174.8,174.8,175.6,2.0,0.0,1.0,175.8,174.8,174.8,175.6,2.0,1.0
DSCT,DSCT:IT,BBG000HVQG80,2018-09-04,12.73,12.76,12.53,12.71,2569592.0,0.0,1.0,12.73,12.76,12.53,12.71,2569592.0,1.0
ELCO,ELCO:IT,BBG000BJGRK6,2018-09-04,67.47,68.03,66.32,67.0,14683.0,0.0,1.0,67.47,68.03,66.32,67.0,14683.0,1.0
MZTF,MZTF:IT,BBG000J72HD9,2018-09-04,64.34,64.39,63.93,64.35,458338.0,0.0,1.0,64.34,64.39,63.93,64.35,458338.0,1.0
PTBL,PTBL:IT,BBG000BJDG69,2018-09-04,286.5,290.8,282.0,285.3,4085.0,0.0,1.0,286.5,290.8,282.0,285.3,4085.0,1.0
EXPO,EXPO:IT,BBG000FJW4T6,2018-09-04,18.38,18.2,18.2,18.37,8.0,0.0,1.0,18.38,18.2,18.2,18.37,8.0,1.0
DXIL,DXIL:IT,BBG000FK6KW2,2018-09-04,638.9,648.0,638.9,643.6,959.0,0.0,1.0,638.9,648.0,638.9,643.6,959.0,1.0
ENLT,ENLT:IT,BBG000NQKK36,2018-09-04,1.9180000000000001,1.923,1.913,1.92,434182.0,0.0,1.0,1.9180000000000001,1.923,1.913,1.92,434182.0,1.0
UNON,UNON:IT,BBG000BY3H65,2018-09-04,16.06,16.15,15.86,16.09,76476.0,0.0,1.0,16.06,16.15,15.86,16.09,76476.0,1.0
NSTR,NSTR:IT,BBG000G2K4X0,2018-09-04,65.0,65.95,64.12,64.43,94755.0,0.0,1.0,65.0,65.95,64.12,64.43,94755.0,1.0
JBNK,JBNK:IT,BBG000G2K5T2,2018-09-04,6.207000000000001,6.207000000000001,6.202000000000001,6.207000000000001,823.0,0.0,1.0,6.207000000000001,6.207000000000001,6.202000000000001,6.207000000000001,823.0,1.0
ZUR,ZUR:IT,BBG000G2K9M1,2018-09-04,15.18,15.27,14.88,14.98,28371.0,0.0,1.0,15.18,15.27,14.88,14.98,28371.0,1.0
ARAD,ARAD:IT,BBG000DXDCM7,2018-09-04,177.0,179.9,177.1,178.0,78.0,0.0,1.0,177.0,179.9,177.1,178.0,78.0,1.0
ELTR,ELTR:IT,BBG000G2KCG1,2018-09-04,913.1,917.9,912.9,914.3,1003.0,0.0,1.0,913.1,917.9,912.9,914.3,1003.0,1.0
ALMO,ALMO:IT,BBG000G2KG63,2018-09-04,3.82,3.82,3.661,3.7560000000000002,29311.0,0.0,1.0,3.82,3.82,3.661,3.7560000000000002,29311.0,1.0
POLY,POLY:IT,BBG000G2KDP9,2018-09-04,24.03,24.03,24.03,24.03,500.0,0.0,1.0,24.03,24.03,24.03,24.03,500.0,1.0
STRS,STRS:IT,BBG000G2KKM6,2018-09-04,81.8,81.8,80.5,81.02,105071.0,0.0,1.0,81.8,81.8,80.5,81.02,105071.0,1.0
ELRN,ELRN:IT,BBG000DBD0N0,2018-09-04,13.5,13.79,13.54,13.65,9119.0,0.0,1.0,13.5,13.79,13.54,13.65,9119.0,1.0
NNDM,NNDM:IT,BBG000G2KM79,2018-09-04,1.65,1.68,1.6130000000000002,1.6469999999999998,473020.0,0.0,1.0,1.65,1.68,1.6130000000000002,1.6469999999999998,473020.0,1.0
LODZ,LODZ:IT,BBG000G2KNZ6,2018-09-04,23.08,,,23.08,0.0,0.0,1.0,23.08,,,23.08,0.0,1.0
EQTL,EQTL:IT,BBG000FK7QY6,2018-09-04,93.61,93.86,92.81,93.17,813.0,0.0,1.0,93.61,93.86,92.81,93.17,813.0,1.0
PTCH,PTCH:IT,BBG000FK7SN4,2018-09-04,4.82,4.82,4.7,4.817,1023.0,0.0,1.0,4.82,4.82,4.7,4.817,1023.0,1.0
BYSD,BYSD:IT,BBG000FLRFD9,2018-09-04,1631.0,1647.0,1627.0,1633.0,564.0,0.0,1.0,1631.0,1647.0,1627.0,1633.0,564.0,1.0
FIBI,FIBI:IT,BBG000BK0GY9,2018-09-04,102.8,104.2,98.33,101.1,27672.0,0.0,1.0,102.8,104.2,98.33,101.1,27672.0,1.0
KTOV,KTOV:IT,BBG000JYS3Z9,2018-09-04,0.37,0.382,0.37,0.376,634578.0,0.0,1.0,0.37,0.382,0.37,0.376,634578.0,1.0
PHOE,PHOE:IT,BBG000G2KHT6,2018-09-04,21.33,21.39,20.87,21.03,184858.0,0.0,1.0,21.33,21.39,20.87,21.03,184858.0,1.0
RPAC,RPAC:IT,BBG000G2LW85,2018-09-04,10.17,10.53,10.17,10.5,2977.0,0.0,1.0,10.17,10.53,10.17,10.5,2977.0,1.0
SAE,SAE:IT,BBG000BSSJX7,2018-09-04,23.55,23.9,23.36,23.4,266556.0,0.0,1.0,23.55,23.9,23.36,23.4,266556.0,1.0
TAYA,TAYA:IT,BBG000G2NM58,2018-09-04,56.56,59.55,58.55,59.21,495.0,0.0,1.0,56.56,59.55,58.55,59.21,495.0,1.0
KLIL,KLIL:IT,BBG000C2S723,2018-09-04,339.9,341.9,337.3,340.2,3387.0,0.0,1.0,339.9,341.9,337.3,340.2,3387.0,1.0
CDEV,CDEV:IT,BBG000FMPXV0,2018-09-04,72.18,72.74,71.33,71.98,3444.0,0.0,1.0,72.18,72.74,71.33,71.98,3444.0,1.0
SANO1,SANO1:IT,BBG000G2PWG2,2018-09-04,187.5,187.7,185.8,187.7,427.0,0.0,1.0,187.5,187.7,185.8,187.7,427.0,1.0
DANH,DANH:IT,BBG000FMR6Z3,2018-09-04,22.01,21.79,21.24,21.46,613.0,0.0,1.0,22.01,21.79,21.24,21.46,613.0,1.0
HGG,HGG:IT,BBG000L8FPX0,2018-09-04,8.347999999999999,8.547,8.302,8.347000000000001,48050.0,0.0,1.0,8.347999999999999,8.547,8.302,8.347000000000001,48050.0,1.0
LHIS,LHIS:IT,BBG000G2R622,2018-09-04,4.217,,,4.217,0.0,0.0,1.0,4.217,,,4.217,0.0,1.0
DLEA,DLEA:IT,BBG000G2R720,2018-09-04,20.99,21.0,20.55,20.61,36976.0,0.0,1.0,20.99,21.0,20.55,20.61,36976.0,1.0
HAML,HAML:IT,BBG000G2SJ23,2018-09-04,102.4,103.0,99.52,100.6,8222.0,0.0,1.0,102.4,103.0,99.52,100.6,8222.0,1.0
RIMO,RIMO:IT,BBG000G2TY74,2018-09-04,63.43,63.39,61.3,62.89,2277.0,0.0,1.0,63.43,63.39,61.3,62.89,2277.0,1.0
STCM,STCM:IT,BBG000PLGJX0,2018-09-04,1.125,1.159,1.125,1.148,6135.0,0.0,1.0,1.125,1.159,1.125,1.148,6135.0,1.0
ANLT,ANLT:IT,BBG000CFXMX1,2018-09-04,19.0,18.93,18.55,18.61,703.0,0.0,1.0,19.0,18.93,18.55,18.61,703.0,1.0
INFR,INFR:IT,BBG000PJLV26,2018-09-04,20.79,21.03,20.32,20.68,760.0,0.0,1.0,20.79,21.03,20.32,20.68,760.0,1.0
ILX,ILX:IT,BBG000P7WSL6,2018-09-04,49.39,49.99,48.4,48.94,2429.0,0.0,1.0,49.39,49.99,48.4,48.94,2429.0,1.0
SHAN,SHAN:IT,BBG000G2V814,2018-09-04,2.987,3.1,2.987,3.051,11598.0,0.0,1.0,2.987,3.1,2.987,3.051,11598.0,1.0
ININ,ININ:IT,BBG000BWDYZ9,2018-09-04,5.435,5.435,5.435,5.435,104.0,0.0,1.0,5.435,5.435,5.435,5.435,104.0,1.0
REKA,REKA:IT,BBG000BV7B79,2018-09-04,35.91,36.5,35.82,36.34,675.0,0.0,1.0,35.91,36.5,35.82,36.34,675.0,1.0
ISTA,ISTA:IT,BBG000F26JZ2,2018-09-04,66.24,66.5,65.58,65.75,5075.0,0.0,1.0,66.24,66.5,65.58,65.75,5075.0,1.0
FRUT,FRUT:IT,BBG000BV7JK7,2018-09-04,367.7,369.5,365.9,367.9,257280.0,0.0,1.0,367.7,369.5,365.9,367.9,257280.0,1.0
MGDL,MGDL:IT,BBG000BHCC81,2018-09-04,3.93,3.93,3.8810000000000002,3.92,770044.0,0.0,1.0,3.93,3.93,3.8810000000000002,3.92,770044.0,1.0
LUDN,LUDN:IT,BBG000BYG3Q0,2018-09-04,4.887,4.917,4.878,4.9,2360.0,0.0,1.0,4.887,4.917,4.878,4.9,2360.0,1.0
BSEN,BSEN:IT,BBG000BYG7C6,2018-09-04,80.38,81.42,79.6,80.22,5971.0,0.0,1.0,80.38,81.42,79.6,80.22,5971.0,1.0
PLSN,PLSN:IT,BBG000BM8F79,2018-09-04,176.3,178.5,173.7,175.0,3487.0,0.0,1.0,176.3,178.5,173.7,175.0,3487.0,1.0
SMT,SMT:IT,BBG000BHXLM2,2018-09-04,35.07,35.12,34.03,34.53,40877.0,0.0,1.0,35.07,35.12,34.03,34.53,40877.0,1.0
MTDS,MTDS:IT,BBG000BPQMC1,2018-09-04,11.62,11.7,11.47,11.6,22426.0,0.0,1.0,11.62,11.7,11.47,11.6,22426.0,1.0
SKBN,SKBN:IT,BBG000C35FH2,2018-09-04,7.36,7.5,7.25,7.356,594902.0,0.0,1.0,7.36,7.5,7.25,7.356,594902.0,1.0
SHOM,SHOM:IT,BBG000BV30M0,2018-09-04,2.6,2.7769999999999997,2.6,2.773,258232.0,0.0,1.0,2.6,2.7769999999999997,2.6,2.773,258232.0,1.0
WTS-L,WTS-L:IT,BBG000LB4FY6,2018-09-04,23.23,,,23.23,0.0,0.0,1.0,23.23,,,23.23,0.0,1.0
SNCM,SNCM:IT,BBG000JK7LH2,2018-09-04,1.715,1.75,1.689,1.713,2062033.0,0.0,1.0,1.715,1.75,1.689,1.713,2062033.0,1.0
TFRLF,TFRLF:IT,BBG000DTZPF1,2018-09-04,4.004,4.124,4.06,4.119,9110.0,0.0,1.0,4.004,4.124,4.06,4.119,9110.0,1.0
TNPV,TNPV:IT,BBG000D128Q4,2018-09-04,1.4469999999999998,,,1.4469999999999998,0.0,0.0,1.0,1.4469999999999998,,,1.4469999999999998,0.0,1.0
PTNR,PTNR:IT,BBG000BMVSK0,2018-09-04,17.0,17.0,16.24,16.24,526913.0,0.0,1.0,17.0,17.0,16.24,16.24,526913.0,1.0
MRP,MRP:IT,BBG000DCKJ22,2018-09-04,0.302,0.302,0.295,0.298,62354.0,0.0,1.0,0.302,0.302,0.295,0.298,62354.0,1.0
ELDAV,ELDAV:IT,BBG000C4CLM3,2018-09-04,1.5430000000000001,,,1.5430000000000001,0.0,0.0,1.0,1.5430000000000001,,,1.5430000000000001,0.0,1.0
DIFI,DIFI:IT,BBG000BLJSB6,2018-09-04,41.33,41.78,40.64,40.99,18788.0,0.0,1.0,41.33,41.78,40.64,40.99,18788.0,1.0
UNIT,UNIT:IT,BBG000DJ7K29,2018-09-04,24.81,24.81,24.25,24.5,4857.0,0.0,1.0,24.81,24.81,24.25,24.5,4857.0,1.0
NXGN-M,NXGN-M:IT,BBG000BJNFW1,2018-09-04,0.34,0.341,0.34,0.34,191491.0,0.0,1.0,0.34,0.341,0.34,0.34,191491.0,1.0
QLTU,QLTU:IT,BBG000C1RMF9,2018-09-04,15.78,16.01,15.63,15.86,3725.0,0.0,1.0,15.78,16.01,15.63,15.86,3725.0,1.0
ALD,ALD:IT,BBG000BRBN95,2018-09-04,3.593,,,3.593,0.0,0.0,1.0,3.593,,,3.593,0.0,1.0
DLEKG,DLEKG:IT,BBG000BQGBF1,2018-09-04,564.2,568.8,559.2,564.0,14213.0,0.0,1.0,564.2,568.8,559.2,564.0,14213.0,1.0
CPHO-M,CPHO-M:IT,BBG000BGTFJ6,2018-09-04,15.91,15.91,15.91,15.91,952.0,0.0,1.0,15.91,15.91,15.91,15.91,952.0,1.0
JTI-M,JTI-M:IT,BBG000BD26B0,2018-09-04,,,,0.145,0.0,0.0,1.0,,,,0.145,0.0,1.0
PIU,PIU:IT,BBG000CJPXQ6,2018-09-04,11.62,11.76,11.56,11.72,8059.0,0.0,1.0,11.62,11.76,11.56,11.72,8059.0,1.0
PSA35,PSA35:IT,BBG000BZYZY7,2018-09-04,16.76,16.76,16.53,16.57,99505.0,0.0,1.0,16.76,16.76,16.53,16.57,99505.0,1.0
HLAN,HLAN:IT,BBG000DZ2XT1,2018-09-04,90.8,92.57,90.21,90.28,38947.0,0.0,1.0,90.8,92.57,90.21,90.28,38947.0,1.0
SNEL,SNEL:IT,BBG000C04SG2,2018-09-04,30.38,30.38,30.3,30.36,254.0,0.0,1.0,30.38,30.38,30.3,30.36,254.0,1.0
ARAN,ARAN:IT,BBG000C3GD03,2018-09-04,15.53,15.37,15.37,15.51,16.0,0.0,1.0,15.53,15.37,15.37,15.51,16.0,1.0
XTLB,XTLB:IT,BBG000GG7Z92,2018-09-04,0.07,0.07,0.07,0.07,31000.0,0.0,1.0,0.07,0.07,0.07,0.07,31000.0,1.0
ORTC,ORTC:IT,BBG000DSC1G0,2018-09-04,28.63,29.12,28.66,28.76,2269.0,0.0,1.0,28.63,29.12,28.66,28.76,2269.0,1.0
FOX,FOX:IT,BBG000MTMTN8,2018-09-04,73.24,73.5,71.78,73.5,32087.0,0.0,1.0,73.24,73.5,71.78,73.5,32087.0,1.0
ELAL,ELAL:IT,BBG000D9VQN8,2018-09-04,1.072,1.075,1.0070000000000001,1.01,3376965.0,0.0,1.0,1.072,1.075,1.0070000000000001,1.01,3376965.0,1.0
SPNTC,SPNTC:IT,BBG000M34DY8,2018-09-04,11.66,11.8,11.61,11.71,56721.0,0.0,1.0,11.66,11.8,11.61,11.71,56721.0,1.0
TDGN,TDGN:IT,BBG000PXBS69,2018-09-04,0.08900000000000001,0.09,0.087,0.08900000000000001,381116.0,0.0,1.0,0.08900000000000001,0.09,0.087,0.08900000000000001,381116.0,1.0
DIMRI,DIMRI:IT,BBG000Q63WZ5,2018-09-04,57.49,58.63,57.01,57.51,6593.0,0.0,1.0,57.49,58.63,57.01,57.51,6593.0,1.0
ELSPC,ELSPC:IT,BBG000QQDP21,2018-09-04,2.04,1.96,1.96,1.96,11114.0,0.0,1.0,2.04,1.96,1.96,1.96,11114.0,1.0
SALG,SALG:IT,BBG000MCPY51,2018-09-04,15.18,15.29,14.6,14.84,178812.0,0.0,1.0,15.18,15.29,14.6,14.84,178812.0,1.0
RMN,RMN:IT,BBG000CCLLW4,2018-09-04,12.2,12.2,12.1,12.12,8421.0,0.0,1.0,12.2,12.2,12.1,12.12,8421.0,1.0
MTRN,MTRN:IT,BBG000D51W74,2018-09-04,21.8,22.19,21.8,21.94,135779.0,0.4179676,1.0,21.8,22.19,21.8,21.94,135779.0,0.981189576957696
LPHL.L,LPHL.L:IT,BBG000Q6KDL3,2018-09-04,1.423,1.45,1.45,1.45,2000.0,0.0,1.0,1.423,1.45,1.45,1.45,2000.0,1.0
AFPR,AFPR:IT,BBG000NDP230,2018-09-04,95.23,95.9,94.27,95.32,7290.0,0.0,1.0,95.23,95.9,94.27,95.32,7290.0,1.0
ARD,ARD:IT,BBG000Q6H525,2018-09-04,41.42,41.8,40.86,41.0,17393.0,0.0,1.0,41.42,41.8,40.86,41.0,17393.0,1.0
PCBT,PCBT:IT,BBG000BGPR04,2018-09-04,4.81,4.9,4.81,4.814,434410.0,0.0,1.0,4.81,4.9,4.81,4.814,434410.0,1.0
TC.TL125,TC.TL125:IT,BBG000PWRMH5,2018-09-04,149.2,149.4,147.7,147.8,151316.0,0.0,1.0,149.2,149.4,147.7,147.8,151316.0,1.0
TC.TL35,TC.TL35:IT,BBG000PWRL32,2018-09-04,16.69,16.69,16.47,16.48,84778.0,0.0,1.0,16.69,16.69,16.47,16.48,84778.0,1.0
GLPL,GLPL:IT,BBG000DJ5Y12,2018-09-04,7.771,7.992000000000001,7.707999999999999,7.75,15471.0,0.0,1.0,7.771,7.992000000000001,7.707999999999999,7.75,15471.0,1.0
AMRK,AMRK:IT,BBG000DQQMW5,2018-09-04,26.54,26.8,26.51,26.51,10283.0,0.0,1.0,26.54,26.8,26.51,26.51,10283.0,1.0
SCC,SCC:IT,BBG000DQ9G02,2018-09-04,13.8,13.89,12.88,12.92,55905.0,0.0,1.0,13.8,13.89,12.88,12.92,55905.0,1.0
BGI,BGI:IT,BBG000BGTV47,2018-09-04,,,,0.423,0.0,0.0,1.0,,,,0.423,0.0,1.0
DRAL,DRAL:IT,BBG000DWT9D9,2018-09-04,52.52,53.93,52.32,53.3,11783.0,0.0,1.0,52.52,53.93,52.32,53.3,11783.0,1.0
ELCRE,ELCRE:IT,BBG000BVX2S7,2018-09-04,10.34,10.59,10.19,10.37,26818.0,0.0,1.0,10.34,10.59,10.19,10.37,26818.0,1.0
BRMG,BRMG:IT,BBG000KT6DJ8,2018-09-04,18.15,18.15,17.9,18.1,1584.0,0.0,1.0,18.15,18.15,17.9,18.1,1584.0,1.0
CANF,CANF:IT,BBG000KVYG87,2018-09-04,2.3569999999999998,2.528,2.3569999999999998,2.501,373551.0,0.0,1.0,2.3569999999999998,2.528,2.3569999999999998,2.501,373551.0,1.0
BRAM,BRAM:IT,BBG000BMSTW9,2018-09-04,3.141,3.0660000000000003,3.065,3.065,1500.0,0.0,1.0,3.141,3.0660000000000003,3.065,3.065,1500.0,1.0
OPAL,OPAL:IT,BBG000KRK3H0,2018-09-04,2.43,2.431,2.405,2.43,31482.0,0.0,1.0,2.43,2.431,2.405,2.43,31482.0,1.0
BOLT,BOLT:IT,BBG000BZQ6F1,2018-09-04,13.17,13.59,13.29,13.37,963.0,0.0,1.0,13.17,13.59,13.29,13.37,963.0,1.0
HDST,HDST:IT,BBG000NVDXN3,2018-09-04,4.8180000000000005,4.85,4.85,4.83,166.0,0.0,1.0,4.8180000000000005,4.85,4.85,4.83,166.0,1.0
TC.BNK3,TC.BNK3:IT,BBG000PWRN10,2018-09-04,20.84,20.84,20.55,20.58,235840.0,0.0,1.0,20.84,20.84,20.55,20.58,235840.0,1.0
TC.SP4,TC.SP4:IT,BBG000QR8RJ3,2018-09-04,115.6,116.1,115.2,115.6,68546.0,0.0,1.0,115.6,116.1,115.2,115.6,68546.0,1.0
TC.NSX5,TC.NSX5:IT,BBG000QR8SM7,2018-09-04,142.8,143.1,141.4,141.4,23104.0,0.0,1.0,142.8,143.1,141.4,141.4,23104.0,1.0
TC.NKI6,TC.NKI6:IT,BBG000QR8NW7,2018-09-04,178.6,177.8,177.5,177.7,2162.0,0.0,1.0,178.6,177.8,177.5,177.7,2162.0,1.0
TC.EUR50,TC.EUR50:IT,BBG000QR8P52,2018-09-04,158.5,157.5,156.1,156.4,453.0,0.0,1.0,158.5,157.5,156.1,156.4,453.0,1.0
TC.NBI8,TC.NBI8:IT,BBG000QR8V59,2018-09-04,122.5,123.2,122.0,122.9,577.0,0.0,1.0,122.5,123.2,122.0,122.9,577.0,1.0
NXTM,NXTM:IT,BBG000Q6KN95,2018-09-04,6.744,6.5760000000000005,6.41,6.414,5705.0,0.0,1.0,6.744,6.5760000000000005,6.41,6.414,5705.0,1.0
ARPT,ARPT:IT,BBG000PX04R1,2018-09-04,44.1,44.5,43.88,44.14,197558.0,0.0,1.0,44.1,44.5,43.88,44.14,197558.0,1.0
GNGR,GNGR:IT,BBG000GTFSW5,2018-09-04,24.6,24.8,24.54,24.61,7673.0,0.0,1.0,24.6,24.8,24.54,24.61,7673.0,1.0
USER-M,USER-M:IT,BBG000H5HLB2,2018-09-04,8.0,,,8.0,0.0,0.0,1.0,8.0,,,8.0,0.0,1.0
BIOV,BIOV:IT,BBG000Q6J3W5,2018-09-04,3.052,2.99,2.911,2.97,1338.0,0.0,1.0,3.052,2.99,2.911,2.97,1338.0,1.0
ATRY,ATRY:IT,BBG000BV4S75,2018-09-04,40.51,40.51,39.65,39.74,5467.0,0.0,1.0,40.51,40.51,39.65,39.74,5467.0,1.0
GOLF,GOLF:IT,BBG000BGC2S3,2018-09-04,3.947,3.9139999999999997,3.785,3.8169999999999997,33747.0,0.0,1.0,3.947,3.9139999999999997,3.785,3.8169999999999997,33747.0,1.0
MDGS,MDGS:IT,BBG000Q6KL99,2018-09-04,0.57,0.58,0.5660000000000001,0.568,566118.0,0.0,1.0,0.57,0.58,0.5660000000000001,0.568,566118.0,1.0
PST.BN4,PST.BN4:IT,BBG000BJYMW4,2018-09-04,21.07,21.07,20.68,20.72,227395.0,0.0,1.0,21.07,21.07,20.68,20.72,227395.0,1.0
PSG.TA90,PSG.TA90:IT,BBG000BHVXN7,2018-09-04,10.69,10.7,10.6,10.63,81766.0,0.0,1.0,10.69,10.7,10.6,10.63,81766.0,1.0
PST.N,PST.N:IT,BBG000BTC839,2018-09-04,5.28,5.285,5.285,5.285,2096.0,0.0,1.0,5.28,5.285,5.285,5.285,2096.0,1.0
PST.T50,PST.T50:IT,BBG000PXRQ11,2018-09-04,2.888,2.89,2.8760000000000003,2.8760000000000003,39611.0,0.0,1.0,2.888,2.89,2.8760000000000003,2.8760000000000003,39611.0,1.0
PA125.3,PA125.3:IT,BBG000Q644V0,2018-09-04,14.93,14.93,14.65,14.79,120032.0,0.0,1.0,14.93,14.93,14.65,14.79,120032.0,1.0
PDJTEN.6,PDJTEN.6:IT,BBG000Q5K8R0,2018-09-04,150.0,,,150.0,0.0,0.0,1.0,150.0,,,150.0,0.0,1.0
PDJDVP.7,PDJDVP.7:IT,BBG000Q5YL87,2018-09-04,235.2,236.0,235.0,235.5,213.0,0.0,1.0,235.2,236.0,235.0,235.5,213.0,1.0
DRSL,DRSL:IT,BBG000Q6JBL9,2018-09-04,9.658999999999999,9.851,9.773,9.838,253.0,0.0,1.0,9.658999999999999,9.851,9.773,9.838,253.0,1.0
CPTP,CPTP:IT,BBG000Q6J9G0,2018-09-04,0.5429999999999999,0.5670000000000001,0.545,0.555,85561.0,0.0,1.0,0.5429999999999999,0.5670000000000001,0.545,0.555,85561.0,1.0
PSI.NK10,PSI.NK10:IT,BBG000V20XS7,2018-09-04,171.2,,,171.2,0.0,0.0,1.0,171.2,,,171.2,0.0,1.0
PSI.MS11,PSI.MS11:IT,BBG000V20YW0,2018-09-04,63.27,,,63.27,0.0,0.0,1.0,63.27,,,63.27,0.0,1.0
PSI.EC12,PSI.EC12:IT,BBG000V20N09,2018-09-04,1.694,,,1.694,0.0,0.0,1.0,1.694,,,1.694,0.0,1.0
BYAR,BYAR:IT,BBG000Q6J8C6,2018-09-04,28.87,28.87,28.87,28.87,666.0,0.0,1.0,28.87,28.87,28.87,28.87,666.0,1.0
BIG,BIG:IT,BBG000Q6J2W7,2018-09-04,253.3,255.8,251.8,253.6,11858.0,0.0,1.0,253.3,255.8,251.8,253.6,11858.0,1.0
AMOT,AMOT:IT,BBG000PRSVW8,2018-09-04,19.16,19.2,19.11,19.17,558568.0,0.0,1.0,19.16,19.2,19.11,19.17,558568.0,1.0
SPRG,SPRG:IT,BBG000Q6KLS8,2018-09-04,8.091000000000001,8.51,8.091000000000001,8.315,50496.0,0.0,1.0,8.091000000000001,8.51,8.091000000000001,8.315,50496.0,1.0
KSDJBK.6,KSDJBK.6:IT,BBG000NCTGJ0,2018-09-04,28.24,28.48,28.44,28.46,6056.0,0.0,1.0,28.24,28.48,28.44,28.46,6056.0,1.0
KSDJHC.8,KSDJHC.8:IT,BBG000C8DB18,2018-09-04,21.52,21.61,21.24,21.44,9760.0,0.0,1.0,21.52,21.61,21.24,21.44,9760.0,1.0
KSZWI.12,KSZWI.12:IT,BBG000F7D7W2,2018-09-04,128.9,130.5,130.5,130.5,403.0,0.0,1.0,128.9,130.5,130.5,130.5,403.0,1.0
KSCUS.15,KSCUS.15:IT,BBG000NCQ213,2018-09-04,61.7,61.6,61.6,61.6,406.0,0.0,1.0,61.7,61.6,61.6,61.6,406.0,1.0
KSIXE.16,KSIXE.16:IT,BBG000NCYL03,2018-09-04,25.19,25.2,25.06,25.16,12580.0,0.0,1.0,25.19,25.2,25.06,25.16,12580.0,1.0
INDX35.1,INDX35.1:IT,BBG000QS69V9,2018-09-04,16.68,,,16.68,0.0,0.0,1.0,16.68,,,16.68,0.0,1.0
IND125.2,IND125.2:IT,BBG000QS6BD4,2018-09-04,14.94,14.94,14.78,14.83,7674.0,0.0,1.0,14.94,14.94,14.78,14.83,7674.0,1.0
AFRE,AFRE:IT,BBG000R0VMV2,2018-09-04,62.93,62.93,60.1,61.57,743.0,0.0,1.0,62.93,62.93,60.1,61.57,743.0,1.0
PSI.DV13,PSI.DV13:IT,BBG000QBP9Q1,2018-09-04,16.24,16.1,16.1,16.1,2164.0,0.0,1.0,16.24,16.1,16.1,16.1,2164.0,1.0
KSTDB.17,KSTDB.17:IT,BBG000F7D2X2,2018-09-04,162.0,162.2,160.5,161.5,287.0,0.0,1.0,162.0,162.2,160.5,161.5,287.0,1.0
BLSR,BLSR:IT,BBG000CM6R47,2018-09-04,140.0,140.1,136.9,137.9,4916.0,0.0,1.0,140.0,140.1,136.9,137.9,4916.0,1.0
SNFL,SNFL:IT,BBG000F3YT78,2018-09-04,7.332000000000001,7.332000000000001,7.332000000000001,7.332000000000001,46.0,0.0,1.0,7.332000000000001,7.332000000000001,7.332000000000001,7.332000000000001,46.0,1.0
RIT1,RIT1:IT,BBG000Q7J291,2018-09-04,14.78,15.06,14.78,14.95,496190.0,0.0,1.0,14.78,15.06,14.78,14.95,496190.0,1.0
TGND15.3,TGND15.3:IT,BBG000Q61LT8,2018-09-04,5.291,5.242999999999999,5.242999999999999,5.242999999999999,2280.0,0.0,1.0,5.291,5.242999999999999,5.242999999999999,5.242999999999999,2280.0,1.0
TGTLDB.4,TGTLDB.4:IT,BBG000Q61PX4,2018-09-04,16.27,16.12,16.12,16.12,400.0,0.0,1.0,16.27,16.12,16.12,16.12,400.0,1.0
KSN15.22,KSN15.22:IT,BBG000Q6BGX3,2018-09-04,64.48,64.46,64.29,64.39,1154.0,0.0,1.0,64.48,64.46,64.29,64.39,1154.0,1.0
INDXBN.4,INDXBN.4:IT,BBG000QS6BW3,2018-09-04,20.94,20.94,20.62,20.63,182206.0,0.0,1.0,20.94,20.94,20.62,20.63,182206.0,1.0
INDNDX.6,INDNDX.6:IT,BBG000QS6F63,2018-09-04,74.26,74.5,73.51,73.66,2600.0,0.0,1.0,74.26,74.5,73.51,73.66,2600.0,1.0
INHSCE.7,INHSCE.7:IT,BBG000QS6DS4,2018-09-04,108.1,108.7,107.6,107.7,3053.0,0.0,1.0,108.1,108.7,107.6,107.7,3053.0,1.0
KS.NKN26,KS.NKN26:IT,BBG000NDFC75,2018-09-04,246.5,246.5,244.3,245.2,4420.0,0.0,1.0,246.5,246.5,244.3,245.2,4420.0,1.0
KS.SXN29,KS.SXN29:IT,BBG000NDX4L7,2018-09-04,42.94,43.02,42.38,42.38,9149.0,0.0,1.0,42.94,43.02,42.38,42.38,9149.0,1.0
PLTDB.10,PLTDB.10:IT,BBG000Q646N4,2018-09-04,16.23,16.25,16.06,16.08,13200.0,0.0,1.0,16.23,16.25,16.06,16.08,13200.0,1.0
PSD3E.12,PSD3E.12:IT,BBG000Q4KZ11,2018-09-04,74.89,74.76,74.54,74.65,163.0,0.0,1.0,74.89,74.76,74.54,74.65,163.0,1.0
PDJSD.13,PDJSD.13:IT,BBG000Q5K6R4,2018-09-04,176.8,,,176.8,0.0,0.0,1.0,176.8,,,176.8,0.0,1.0
PEPRA.15,PEPRA.15:IT,BBG000Q4KXG0,2018-09-04,83.48,83.48,82.98,83.03,924.0,0.0,1.0,83.48,83.48,82.98,83.03,924.0,1.0
XENA,XENA:IT,BBG000QG0CR9,2018-09-04,1.032,,,1.032,0.0,0.0,1.0,1.032,,,1.032,0.0,1.0
MCRNL,MCRNL:IT,BBG000QG0DV2,2018-09-04,1.32,1.3159999999999998,1.28,1.2990000000000002,35496.0,0.0,1.0,1.32,1.3159999999999998,1.28,1.2990000000000002,35496.0,1.0
PZOL,PZOL:IT,BBG000NB3443,2018-09-04,574.0,574.9,566.3,572.0,27044.0,0.0,1.0,574.0,574.9,566.3,572.0,27044.0,1.0
BRIN,BRIN:IT,BBG000PQZW32,2018-09-04,23.92,24.8,23.83,24.73,45203.0,0.0,1.0,23.92,24.8,23.83,24.73,45203.0,1.0
AVGL,AVGL:IT,BBG000MGHZQ5,2018-09-04,3.9389999999999996,3.9389999999999996,3.7910000000000004,3.82,78008.0,0.0,1.0,3.9389999999999996,3.9389999999999996,3.7910000000000004,3.82,78008.0,1.0
ENDY,ENDY:IT,BBG000D0BPZ8,2018-09-04,2.9530000000000003,3.0239999999999996,2.885,2.949,9933.0,0.0,1.0,2.9530000000000003,3.0239999999999996,2.885,2.949,9933.0,1.0
PSEU.17,PSEU.17:IT,BBG000F9CH93,2018-09-04,13.02,12.75,12.62,12.7,500.0,0.0,1.0,13.02,12.75,12.62,12.7,500.0,1.0
PSRE.22,PSRE.22:IT,BBG000F9GDH9,2018-09-04,10.29,10.29,10.29,10.29,4837.0,0.0,1.0,10.29,10.29,10.29,10.29,4837.0,1.0
PSFT.23,PSFT.23:IT,BBG000VG1RX2,2018-09-04,31.5,31.4,31.39,31.39,1333.0,0.0,1.0,31.5,31.4,31.39,31.39,1333.0,1.0
ALMD,ALMD:IT,BBG000CS72V8,2018-09-04,1.286,1.305,1.27,1.288,216576.0,0.0,1.0,1.286,1.305,1.27,1.288,216576.0,1.0
BLRX,BLRX:IT,BBG000D3FWW6,2018-09-04,3.3369999999999997,3.39,3.33,3.361,43155.0,0.0,1.0,3.3369999999999997,3.39,3.33,3.361,43155.0,1.0
BBYL,BBYL:IT,BBG000R13W30,2018-09-04,1.3730000000000002,1.4069999999999998,1.3730000000000002,1.379,257599.0,0.0,1.0,1.3730000000000002,1.4069999999999998,1.3730000000000002,1.379,257599.0,1.0
IN125.10,IN125.10:IT,BBG000CDX0N5,2018-09-04,3.965,4.098,3.946,4.085,288354.0,0.0,1.0,3.965,4.098,3.946,4.085,288354.0,1.0
INDEU.11,INDEU.11:IT,BBG000CF7VP9,2018-09-04,33.86,33.99,33.86,33.92,2050.0,0.0,1.0,33.86,33.99,33.86,33.92,2050.0,1.0
INDX.13,INDX.13:IT,BBG000CFM855,2018-09-04,160.7,,,160.7,0.0,0.0,1.0,160.7,,,160.7,0.0,1.0
PRSK,PRSK:IT,BBG000CQ8PJ4,2018-09-04,29.6,29.59,29.4,29.55,303.0,0.0,1.0,29.6,29.59,29.4,29.55,303.0,1.0
FRDN,FRDN:IT,BBG000GC7SR7,2018-09-04,91.85,91.69,90.0,91.6,246.0,0.0,1.0,91.85,91.69,90.0,91.6,246.0,1.0
SLGN,SLGN:IT,BBG000GC7TS4,2018-09-04,9.988999999999999,9.988999999999999,8.66,9.051,20489.0,0.0,1.0,9.988999999999999,9.988999999999999,8.66,9.051,20489.0,1.0
ITMR,ITMR:IT,BBG000HB6MD7,2018-09-04,1.21,1.21,1.186,1.2,116333.0,0.0,1.0,1.21,1.21,1.186,1.2,116333.0,1.0
HNMR,HNMR:IT,BBG000HB51P1,2018-09-04,16.97,16.96,16.68,16.84,4210.0,0.0,1.0,16.97,16.96,16.68,16.84,4210.0,1.0
KSOMX.35,KSOMX.35:IT,BBG000R4P2F3,2018-09-04,6.21,,,6.21,0.0,0.0,1.0,6.21,,,6.21,0.0,1.0
KSMMC.33,KSMMC.33:IT,BBG000GSXD96,2018-09-04,112.7,112.0,111.3,111.7,1296.0,0.0,1.0,112.7,112.0,111.3,111.7,1296.0,1.0
ORIN,ORIN:IT,BBG000R8GFX5,2018-09-04,20.96,20.63,19.69,20.21,1259.0,0.0,1.0,20.96,20.63,19.69,20.21,1259.0,1.0
SHNP,SHNP:IT,BBG000R8V0B5,2018-09-04,19.86,19.83,19.43,19.57,5732.0,0.0,1.0,19.86,19.83,19.43,19.57,5732.0,1.0
HRT35.7,HRT35.7:IT,BBG000N3YZM8,2018-09-04,16.68,16.72,16.52,16.53,86388.0,0.0,1.0,16.68,16.72,16.52,16.53,86388.0,1.0
SLARL,SLARL:IT,BBG000VCNKV4,2018-09-04,6.5,6.52,6.472,6.49,848803.0,0.0,1.0,6.5,6.52,6.472,6.49,848803.0,1.0
INDSP.18,INDSP.18:IT,BBG000D5YTJ2,2018-09-04,28.54,28.6,28.34,28.37,64608.0,0.0,1.0,28.54,28.6,28.34,28.37,64608.0,1.0
DNA,DNA:IT,BBG000PNGQ97,2018-09-04,0.258,0.27,0.251,0.267,1634354.0,0.0,1.0,0.258,0.27,0.251,0.267,1634354.0,1.0
KARE,KARE:IT,BBG000Q3NWZ0,2018-09-04,1.614,1.6019999999999999,1.5290000000000001,1.57,151553.0,0.0,1.0,1.614,1.6019999999999999,1.5290000000000001,1.57,151553.0,1.0
AZRG,AZRG:IT,BBG000G9PL35,2018-09-04,190.4,190.5,187.0,187.7,80383.0,0.0,1.0,190.4,190.5,187.0,187.7,80383.0,1.0
APOS,APOS:IT,BBG000QYH944,2018-09-04,0.607,,,0.607,0.0,0.0,1.0,0.607,,,0.607,0.0,1.0
ALGS,ALGS:IT,BBG000Q93BN8,2018-09-04,40.8,41.0,40.4,40.79,376.0,0.0,1.0,40.8,41.0,40.4,40.79,376.0,1.0
TEDE,TEDE:IT,BBG000BYTD20,2018-09-04,14.9,,,14.9,0.0,0.0,1.0,14.9,,,14.9,0.0,1.0
LAHAV,LAHAV:IT,BBG000BYL9H1,2018-09-04,1.65,1.713,1.64,1.672,32930.0,0.0,1.0,1.65,1.713,1.64,1.672,32930.0,1.0
MAXM,MAXM:IT,BBG000BYJWP4,2018-09-04,13.35,,,13.35,0.0,0.0,1.0,13.35,,,13.35,0.0,1.0
ZNKL,ZNKL:IT,BBG000BY25Y1,2018-09-04,17.71,17.71,17.55,17.56,5509.0,0.0,1.0,17.71,17.71,17.55,17.56,5509.0,1.0
MISH,MISH:IT,BBG000FK6DQ5,2018-09-04,72.43,72.7,71.77,72.29,2588.0,0.0,1.0,72.43,72.7,71.77,72.29,2588.0,1.0
DCI-M,DCI-M:IT,BBG000M3S9N3,2018-09-04,1.6,1.6,1.589,1.5919999999999999,77551.0,0.0,1.0,1.6,1.6,1.589,1.5919999999999999,77551.0,1.0
MDTR,MDTR:IT,BBG0064M9DC2,2018-09-04,6.445,6.507999999999999,6.391,6.403,90963.0,0.0,1.0,6.445,6.507999999999999,6.391,6.403,90963.0,1.0
SKLN,SKLN:IT,BBG0064MHL80,2018-09-04,30.32,30.06,29.51,29.78,1570.0,0.0,1.0,30.32,30.06,29.51,29.78,1570.0,1.0
ASHG,ASHG:IT,BBG006M6THM5,2018-09-04,15.75,15.97,15.57,15.62,116765.0,0.0,1.0,15.75,15.97,15.57,15.62,116765.0,1.0
INRM,INRM:IT,BBG006M2F2H8,2018-09-04,13.65,13.87,13.65,13.71,115623.0,0.0,1.0,13.65,13.87,13.65,13.71,115623.0,1.0
PERI.C12,PERI.C12:IT,BBG0077VX8R5,2018-09-04,1.038,1.038,1.038,1.038,20000.0,0.0,1.0,1.038,1.038,1.038,1.038,20000.0,1.0
SPEN,SPEN:IT,BBG007PB6MQ9,2018-09-04,12.83,12.86,12.29,12.3,255312.0,0.0,1.0,12.83,12.86,12.29,12.3,255312.0,1.0
ORON,ORON:IT,BBG009BL59V2,2018-09-04,3.947,3.9539999999999997,3.9539999999999997,3.9539999999999997,1533.0,0.0,1.0,3.947,3.9539999999999997,3.9539999999999997,3.9539999999999997,1533.0,1.0
ALD.W3,ALD.W3:IT,BBG009NP1FN9,2018-09-04,2.114,,,2.114,0.0,0.0,1.0,2.114,,,2.114,0.0,1.0
TCSP.115,TCSP.115:IT,BBG009S111T2,2018-09-04,112.1,,,112.1,0.0,0.0,1.0,112.1,,,112.1,0.0,1.0
FRDN.C7,FRDN.C7:IT,BBG00B0QM217,2018-09-04,1.122,,,1.122,0.0,0.0,1.0,1.122,,,1.122,0.0,1.0
SLGN.W5,SLGN.W5:IT,BBG00CX8J2M0,2018-09-04,0.75,1.2,0.75,1.004,13588.0,0.0,1.0,0.75,1.2,0.75,1.004,13588.0,1.0
SHGR,SHGR:IT,BBG007NF4M66,2018-09-04,17.18,17.47,17.18,17.24,10905.0,0.113,1.0,17.18,17.47,17.18,17.24,10905.0,0.993464430306536
VNTZ,VNTZ:IT,BBG00D0R75L9,2018-09-04,0.583,0.667,0.561,0.624,1267269.0,0.0,1.0,0.583,0.667,0.561,0.624,1267269.0,1.0
STCM.C6,STCM.C6:IT,BBG00DB0NW84,2018-09-04,1.072,,,1.072,0.0,0.0,1.0,1.072,,,1.072,0.0,1.0
DLGR.C32,DLGR.C32:IT,BBG00DBB9KD6,2018-09-04,1.006,1.006,1.005,1.006,8008.0,0.0,1.0,1.006,1.006,1.005,1.006,8008.0,1.0
DLGR.C33,DLGR.C33:IT,BBG00DGZDP79,2018-09-04,0.985,0.985,0.98,0.982,798681.0,0.0,1.0,0.985,0.985,0.98,0.982,798681.0,1.0
MGRT,MGRT:IT,BBG00DQHBMB2,2018-09-04,0.935,0.94,0.9309999999999999,0.9359999999999999,72591.0,0.0,1.0,0.935,0.94,0.9309999999999999,0.9359999999999999,72591.0,1.0
ALMD.W7,ALMD.W7:IT,BBG00GBDMZY4,2018-09-04,0.179,0.179,0.145,0.149,28999.0,0.0,1.0,0.179,0.179,0.145,0.149,28999.0,1.0
LAHV.C7,LAHV.C7:IT,BBG00DS8TLG8,2018-09-04,1.11,1.126,1.0959999999999999,1.12,130960.0,0.0,1.0,1.11,1.126,1.0959999999999999,1.12,130960.0,1.0
ADGR,ADGR:IT,BBG000Q6G786,2018-09-04,6.0889999999999995,6.159,6.06,6.095,15126.0,0.0,1.0,6.0889999999999995,6.159,6.06,6.095,15126.0,1.0
FORTY.C2,FORTY.C2:IT,BBG009ZYR7W7,2018-09-04,1.036,1.036,1.03,1.034,464343.0,0.0,1.0,1.036,1.036,1.03,1.034,464343.0,1.0
ORL,ORL:IT,BBG000Q9GM78,2018-09-04,1.915,1.9340000000000002,1.902,1.9169999999999998,3896690.0,0.0,1.0,1.915,1.9340000000000002,1.902,1.9169999999999998,3896690.0,1.0
ORBT.C6,ORBT.C6:IT,BBG008P5LJM4,2018-09-04,1.094,,,1.094,0.0,0.0,1.0,1.094,,,1.094,0.0,1.0
BRAN.C2,BRAN.C2:IT,BBG00CFV02L0,2018-09-04,0.955,0.955,0.955,0.955,10271.0,0.0,1.0,0.955,0.955,0.955,0.955,10271.0,1.0
LDR.C6-L,LDR.C6-L:IT,BBG0038RMW91,2018-09-04,1.064,,,1.064,0.0,0.0,1.0,1.064,,,1.064,0.0,1.0
AURA.C13,AURA.C13:IT,BBG00CR2SSW2,2018-09-04,1.051,,,1.051,0.0,0.0,1.0,1.051,,,1.051,0.0,1.0
RTI.WL17,RTI.WL17:IT,BBG00FFJWKQ0,2018-09-04,0.013999999999999999,0.013999999999999999,0.012,0.012,9609002.0,0.0,1.0,0.013999999999999999,0.013999999999999999,0.012,0.012,9609002.0,1.0
RTI.WL18,RTI.WL18:IT,BBG00FFJ5HY8,2018-09-04,0.061,0.062,0.059000000000000004,0.06,2912704.0,0.0,1.0,0.061,0.062,0.059000000000000004,0.06,2912704.0,1.0
ECP,ECP:IT,BBG0019638K1,2018-09-04,36.8,38.5,34.0,36.08,59902.0,0.0,1.0,36.8,38.5,34.0,36.08,59902.0,1.0
DISI.W6,DISI.W6:IT,BBG009YZFP94,2018-09-04,4.774,,,4.774,0.0,0.0,1.0,4.774,,,4.774,0.0,1.0
ENLT.C4,ENLT.C4:IT,BBG008NX6WS7,2018-09-04,2.417,,,2.417,0.0,0.0,1.0,2.417,,,2.417,0.0,1.0
SOG-M,SOG-M:IT,BBG00296PTD7,2018-09-04,2.2840000000000003,2.3,2.3,2.289,261.0,0.0,1.0,2.2840000000000003,2.3,2.3,2.289,261.0,1.0
MNIN,MNIN:IT,BBG004YS4FZ6,2018-09-04,9.943999999999999,9.949,9.593,9.654,11237.0,0.0,1.0,9.943999999999999,9.949,9.593,9.654,11237.0,1.0
VCTR,VCTR:IT,BBG001PH5435,2018-09-04,42.07,42.5,41.4,41.58,7154.0,0.0,1.0,42.07,42.5,41.4,41.58,7154.0,1.0
GFC-L,GFC-L:IT,BBG001D879B6,2018-09-04,9.718,,,9.718,0.0,0.0,1.0,9.718,,,9.718,0.0,1.0
IDIN,IDIN:IT,BBG005012BS8,2018-09-04,220.7,222.6,219.6,220.6,5987.0,0.0,1.0,220.7,222.6,219.6,220.6,5987.0,1.0
SMTO,SMTO:IT,BBG004XDTX75,2018-09-04,2.197,2.189,2.145,2.168,44861.0,0.0,1.0,2.197,2.189,2.145,2.168,44861.0,1.0
KDST,KDST:IT,BBG004N4ZFR6,2018-09-04,0.737,0.74,0.7,0.7070000000000001,782710.0,0.0,1.0,0.737,0.74,0.7,0.7070000000000001,782710.0,1.0
CRSO,CRSO:IT,BBG001Q7GPB8,2018-09-04,19.65,19.8,19.33,19.67,13878.0,0.0,1.0,19.65,19.8,19.33,19.67,13878.0,1.0
ENRG,ENRG:IT,BBG001MFMTP4,2018-09-04,4.173,4.18,4.169,4.171,337239.0,0.0,1.0,4.173,4.18,4.169,4.171,337239.0,1.0
ICCM,ICCM:IT,BBG001HNTKC9,2018-09-04,0.9590000000000001,1.032,0.93,0.9520000000000001,5638295.0,0.0,1.0,0.9590000000000001,1.032,0.93,0.9520000000000001,5638295.0,1.0
BCNV,BCNV:IT,BBG0018WN9J3,2018-09-04,421.7,428.2,423.5,427.8,2106.0,0.0,1.0,421.7,428.2,423.5,427.8,2106.0,1.0
RDHL,RDHL:IT,BBG001HHQVJ4,2018-09-04,2.71,2.8,2.665,2.7969999999999997,313418.0,0.0,1.0,2.71,2.8,2.665,2.7969999999999997,313418.0,1.0
ILDA,ILDA:IT,BBG00193BT87,2018-09-04,1.879,,,1.879,0.0,0.0,1.0,1.879,,,1.879,0.0,1.0
INSL,INSL:IT,BBG000BGBPK1,2018-09-04,27.29,28.37,27.17,27.82,2400.0,0.0,1.0,27.29,28.37,27.17,27.82,2400.0,1.0
GLEX,GLEX:IT,BBG000R3SBB6,2018-09-04,1.16,1.16,1.16,1.16,2239.0,0.0,1.0,1.16,1.16,1.16,1.16,2239.0,1.0
ISOP.L,ISOP.L:IT,BBG000BBF167,2018-09-04,1.35,1.368,1.344,1.359,88608.0,0.0,1.0,1.35,1.368,1.344,1.359,88608.0,1.0
SPRG.W2,SPRG.W2:IT,BBG001V8JY37,2018-09-04,0.58,,,0.58,0.0,0.0,1.0,0.58,,,0.58,0.0,1.0
LVPR,LVPR:IT,BBG0015L8300,2018-09-04,70.88,71.3,69.86,70.09,2055.0,0.0,1.0,70.88,71.3,69.86,70.09,2055.0,1.0
NCT,NCT:IT,BBG000W9S7S8,2018-09-04,2.719,,,2.719,0.0,0.0,1.0,2.719,,,2.719,0.0,1.0
PRTL-M,PRTL-M:IT,BBG000QDSV12,2018-09-04,1.05,1.05,1.047,1.0490000000000002,10290.0,0.0,1.0,1.05,1.05,1.047,1.0490000000000002,10290.0,1.0
GBUD,GBUD:IT,BBG000Q6BBC7,2018-09-04,1.224,1.195,1.195,1.195,8800.0,0.0,1.0,1.224,1.195,1.195,1.195,8800.0,1.0
CBI,CBI:IT,BBG000QSGR48,2018-09-04,3.4019999999999997,3.469,3.411,3.437,90793.0,0.0,1.0,3.4019999999999997,3.469,3.411,3.437,90793.0,1.0
HRT125.2,HRT125.2:IT,BBG000N3YVX5,2018-09-04,14.92,14.94,14.82,14.83,716152.0,0.0,1.0,14.92,14.94,14.82,14.83,716152.0,1.0
TCT35.40,TCT35.40:IT,BBG000C0WGM0,2018-09-04,24.3,24.28,23.93,24.1,31937.0,0.0,1.0,24.3,24.28,23.93,24.1,31937.0,1.0
VTNA,VTNA:IT,BBG009K01F02,2018-09-04,10.97,11.01,10.7,10.79,17782.0,0.0,1.0,10.97,11.01,10.7,10.79,17782.0,1.0
TCLYT.10,TCLYT.10:IT,BBG000CVXZZ5,2018-09-04,11.43,11.43,11.27,11.28,53053.0,0.0,1.0,11.43,11.43,11.27,11.28,53053.0,1.0
TCMR.10,TCMR.10:IT,BBG000NGQ3V9,2018-09-04,5.789,5.757999999999999,5.73,5.734,125896.0,0.0,1.0,5.789,5.757999999999999,5.73,5.734,125896.0,1.0
PSCAC.39,PSCAC.39:IT,BBG000BRS051,2018-09-04,20.94,20.73,20.73,20.73,482.0,0.0,1.0,20.94,20.73,20.73,20.73,482.0,1.0
PSG.S38,PSG.S38:IT,BBG000V7BT58,2018-09-04,11.47,11.32,11.32,11.32,4442.0,0.0,1.0,11.47,11.32,11.32,11.32,4442.0,1.0
PSA90.34,PSA90.34:IT,BBG000V7C005,2018-09-04,8.558,,,8.558,0.0,0.0,1.0,8.558,,,8.558,0.0,1.0
KSBT.60,KSBT.60:IT,BBG000F2ZD56,2018-09-04,199.4,200.0,198.6,199.5,2883.0,0.0,1.0,199.4,200.0,198.6,199.5,2883.0,1.0
KBVSP.50,KBVSP.50:IT,BBG000TWVJ47,2018-09-04,60.21,60.21,58.25,58.45,2999.0,0.0,1.0,60.21,60.21,58.25,58.45,2999.0,1.0
KCAC4.51,KCAC4.51:IT,BBG000TTXK12,2018-09-04,21.12,,,21.12,0.0,0.0,1.0,21.12,,,21.12,0.0,1.0
KA200.52,KA200.52:IT,BBG000RRRW19,2018-09-04,15.26,15.23,15.18,15.19,7239.0,0.0,1.0,15.26,15.23,15.18,15.19,7239.0,1.0
KMSCI.48,KMSCI.48:IT,BBG000TWVL88,2018-09-04,8.89,,,8.89,0.0,0.0,1.0,8.89,,,8.89,0.0,1.0
IND90.15,IND90.15:IT,BBG000V1JZ77,2018-09-04,10.88,10.93,10.78,10.8,36126.0,0.0,1.0,10.88,10.93,10.78,10.8,36126.0,1.0
INTDB.27,INTDB.27:IT,BBG000V206T5,2018-09-04,16.21,16.24,16.23,16.22,24.0,0.0,1.0,16.21,16.24,16.23,16.22,24.0,1.0
INCR,INCR:IT,BBG000RN0197,2018-09-04,2.12,2.35,2.03,2.23,6024231.0,0.0,1.0,2.12,2.35,2.03,2.23,6024231.0,1.0
KSDJD.42,KSDJD.42:IT,BBG000LGRV66,2018-09-04,23.8,23.9,23.84,23.88,1770.0,0.0,1.0,23.8,23.9,23.84,23.88,1770.0,1.0
KSD3E.43,KSD3E.43:IT,BBG000PFLX48,2018-09-04,79.45,,,79.45,0.0,0.0,1.0,79.45,,,79.45,0.0,1.0
KSDGL.44,KSDGL.44:IT,BBG000RM5CR0,2018-09-04,88.64,,,88.64,0.0,0.0,1.0,88.64,,,88.64,0.0,1.0
KTA35.18,KTA35.18:IT,BBG000RM5FS2,2018-09-04,0.527,0.54,0.527,0.539,2435181.0,0.0,1.0,0.527,0.54,0.527,0.539,2435181.0,1.0
TGTA90.8,TGTA90.8:IT,BBG000RP9MF0,2018-09-04,10.93,10.98,10.81,10.82,564225.0,0.0,1.0,10.93,10.98,10.81,10.82,564225.0,1.0
TGDAX.9,TGDAX.9:IT,BBG000CXYXC0,2018-09-04,4.03,4.065,4.065,4.065,4500.0,0.0,1.0,4.03,4.065,4.065,4.065,4500.0,1.0
KSMID.31,KSMID.31:IT,BBG000TBZBS0,2018-09-04,18.76,18.84,18.65,18.75,1794.0,0.0,1.0,18.76,18.84,18.65,18.75,1794.0,1.0
MSHR,MSHR:IT,BBG000PPP2R5,2018-09-04,7.347,7.34,7.2620000000000005,7.317,1214.0,0.0,1.0,7.347,7.34,7.2620000000000005,7.317,1214.0,1.0
EDRL,EDRL:IT,BBG000PPP044,2018-09-04,1.431,1.389,1.389,1.389,1300.0,0.0,1.0,1.431,1.389,1.389,1.389,1300.0,1.0
MSAH,MSAH:IT,BBG000PPN8R4,2018-09-04,0.85,0.85,0.83,0.847,34768.0,0.0,1.0,0.85,0.85,0.83,0.847,34768.0,1.0
NTML,NTML:IT,BBG000PPNW28,2018-09-04,49.63,49.63,49.63,49.63,81.0,0.0,1.0,49.63,49.63,49.63,49.63,81.0,1.0
EXEN,EXEN:IT,BBG000PPN0R1,2018-09-04,12.63,12.45,12.0,12.13,3619.0,0.0,1.0,12.63,12.45,12.0,12.13,3619.0,1.0
PS.SD2G4,PS.SD2G4:IT,BBG000RV87T6,2018-09-04,20.83,,,20.83,0.0,0.0,1.0,20.83,,,20.83,0.0,1.0
PS.TABN5,PS.TABN5:IT,BBG000RVBWP1,2018-09-04,21.18,21.18,20.77,20.79,39910.0,0.0,1.0,21.18,21.18,20.77,20.79,39910.0,1.0
ZMH,ZMH:IT,BBG000FTYWT0,2018-09-04,10.31,10.31,10.14,10.16,299.0,0.0,1.0,10.31,10.31,10.14,10.16,299.0,1.0
RMLI,RMLI:IT,BBG000NS1R38,2018-09-04,181.1,182.6,181.1,182.6,9524.0,0.0,1.0,181.1,182.6,181.1,182.6,9524.0,1.0
AVLN,AVLN:IT,BBG000BXCXN3,2018-09-04,2.25,,,2.25,0.0,0.0,1.0,2.25,,,2.25,0.0,1.0
TTAM,TTAM:IT,BBG000BWVJP3,2018-09-04,2.5789999999999997,2.5789999999999997,2.387,2.458,53910.0,0.0,1.0,2.5789999999999997,2.5789999999999997,2.387,2.458,53910.0,1.0
ICL,ICL:IT,BBG000BJCNC8,2018-09-04,20.99,21.04,20.33,20.51,2464211.0,0.0,1.0,20.99,21.04,20.33,20.51,2464211.0,1.0
CHR,CHR:IT,BBG000G21D43,2018-09-04,0.41200000000000003,0.42,0.41200000000000003,0.41700000000000004,23292.0,0.0,1.0,0.41200000000000003,0.42,0.41200000000000003,0.41700000000000004,23292.0,1.0
HAP,HAP:IT,BBG000DCK675,2018-09-04,291.9,293.5,290.0,291.8,8263.0,0.0,1.0,291.9,293.5,290.0,291.8,8263.0,1.0
EMITF,EMITF:IT,BBG000BJT8P9,2018-09-04,7.903,7.921,7.853,7.888,6815.0,0.0,1.0,7.903,7.921,7.853,7.888,6815.0,1.0
ESLT,ESLT:IT,BBG000BJVHK1,2018-09-04,466.7,467.2,462.0,462.7,54428.0,0.44,1.0,466.7,467.2,462.0,462.7,54428.0,0.999055793991416
MGIC,MGIC:IT,BBG000JG7899,2018-09-04,32.9,32.9,32.45,32.6,29537.0,0.0,1.0,32.9,32.9,32.45,32.6,29537.0,1.0
TSEM,TSEM:IT,BBG000N5LQS1,2018-09-04,79.87,79.9,77.91,78.5,177899.0,0.0,1.0,79.87,79.9,77.91,78.5,177899.0,1.0
GILT,GILT:IT,BBG000BZP4M9,2018-09-04,32.74,32.82,32.42,32.51,32218.0,0.0,1.0,32.74,32.82,32.42,32.51,32218.0,1.0
ELLO,ELLO:IT,BBG005HCBLM0,2018-09-04,30.5,30.59,29.5,29.99,11898.0,0.0,1.0,30.5,30.59,29.5,29.99,11898.0,1.0
TATT,TATT:IT,BBG000JVSYJ5,2018-09-04,25.3,25.3,24.7,25.1,23199.0,0.0,1.0,25.3,25.3,24.7,25.1,23199.0,1.0
AUDC,AUDC:IT,BBG000BTQ7L6,2018-09-04,38.29,38.74,37.9,38.21,31532.0,0.0,1.0,38.29,38.74,37.9,38.21,31532.0,1.0
CYRN,CYRN:IT,BBG000R84FN9,2018-09-04,10.56,10.6,10.5,10.5,23672.0,0.0,1.0,10.56,10.6,10.5,10.5,23672.0,1.0
IGLD,IGLD:IT,BBG000F0KBR6,2018-09-04,9.465,9.47,9.1,9.24,41572.0,0.0,1.0,9.465,9.47,9.1,9.24,41572.0,1.0
NVMI,NVMI:IT,BBG000F2WJY4,2018-09-04,106.9,108.0,104.6,105.8,24684.0,0.0,1.0,106.9,108.0,104.6,105.8,24684.0,1.0
CGEN,CGEN:IT,BBG000DRZQW4,2018-09-04,14.15,14.18,13.93,14.0,12643.0,0.0,1.0,14.15,14.18,13.93,14.0,12643.0,1.0
SPNS,SPNS:IT,BBG000JWJL74,2018-09-04,43.08,43.25,42.0,42.34,36067.0,0.0,1.0,43.08,43.25,42.0,42.34,36067.0,1.0
KRNV,KRNV:IT,BBG000PTZ0F3,2018-09-04,0.436,0.42100000000000004,0.41700000000000004,0.429,1763.0,0.0,1.0,0.436,0.42100000000000004,0.41700000000000004,0.429,1763.0,1.0
KMDA,KMDA:IT,BBG000C0KFB7,2018-09-04,21.68,21.88,21.51,21.63,50744.0,0.0,1.0,21.68,21.88,21.51,21.63,50744.0,1.0
MYSZ,MYSZ:IT,BBG000BJS790,2018-09-04,3.3310000000000004,3.54,3.155,3.199,270404.0,0.0,1.0,3.3310000000000004,3.54,3.155,3.199,270404.0,1.0
CAMT,CAMT:IT,BBG000GGBRW9,2018-09-04,36.15,36.72,35.98,36.21,22595.0,0.0,1.0,36.15,36.72,35.98,36.21,22595.0,1.0
PERI,PERI:IT,BBG000TY4HP4,2018-09-04,12.61,12.92,12.48,12.62,32310.0,0.0,1.0,12.61,12.92,12.48,12.62,32310.0,1.0
ALLT,ALLT:IT,BBG0019YWR08,2018-09-04,22.1,22.21,21.78,21.96,25115.0,0.0,1.0,22.1,22.21,21.78,21.96,25115.0,1.0
CEL,CEL:IT,BBG000L2ZDZ6,2018-09-04,21.6,21.72,20.9,21.2,474266.0,0.0,1.0,21.6,21.72,20.9,21.2,474266.0,1.0
GZT,GZT:IT,BBG000C25MK5,2018-09-04,34.08,34.08,33.65,33.65,342663.0,0.0,1.0,34.08,34.08,33.65,33.65,342663.0,1.0
PRGO,PRGO:IT,BBG000KZ2QB7,2018-09-04,282.5,282.5,275.6,276.5,154653.0,0.0,1.0,282.5,282.5,275.6,276.5,154653.0,1.0
MTMY,MTMY:IT,BBG00C75WYS4,2018-09-04,1.609,1.609,1.569,1.5819999999999999,25120.0,0.0,1.0,1.609,1.609,1.569,1.5819999999999999,25120.0,1.0
KEN,KEN:IT,BBG00JX811M6,2018-09-04,58.95,59.29,58.37,58.59,18339.0,0.0,1.0,58.95,59.29,58.37,58.59,18339.0,1.0
ORA,ORA:IT,BBG00K7ZB8N5,2018-09-04,192.0,192.2,187.5,188.1,78345.0,0.0,1.0,192.0,192.2,187.5,188.1,78345.0,1.0
OBAS,OBAS:IT,BBG008LT7JR7,2018-09-04,31.36,,,31.36,0.0,0.0,1.0,31.36,,,31.36,0.0,1.0
NAVB,NAVB:IT,BBG000BCHXK7,2018-09-04,0.61,0.62,0.605,0.615,162199.0,0.0,1.0,0.61,0.62,0.605,0.615,162199.0,1.0
BTX,BTX:IT,BBG000G8RJY6,2018-09-04,11.13,11.13,9.947000000000001,9.99,65154.0,0.0,1.0,11.13,11.13,9.947000000000001,9.99,65154.0,1.0
ABIL,ABIL:IT,BBG00HM85898,2018-09-04,13.19,14.04,12.92,13.97,28635.0,0.0,1.0,13.19,14.04,12.92,13.97,28635.0,1.0
PNTR,PNTR:IT,BBG000QBK842,2018-09-04,45.92,46.38,45.4,45.65,19411.0,0.0,1.0,45.92,46.38,45.4,45.65,19411.0,1.0
SODA,SODA:IT,BBG0017VCG66,2018-09-04,518.0,518.4,516.6,518.2,34176.0,0.0,1.0,518.0,518.4,516.6,518.2,34176.0,1.0
OPK,OPK:IT,BBG000KXL6T6,2018-09-04,21.89,21.91,20.74,20.75,680128.0,0.0,1.0,21.89,21.91,20.74,20.75,680128.0,1.0
LPSN,LPSN:IT,BBG001KLDGT7,2018-09-04,99.28,99.36,97.65,98.5,75711.0,0.0,1.0,99.28,99.36,97.65,98.5,75711.0,1.0
PSTI,PSTI:IT,BBG001BD0PB8,2018-09-04,4.79,4.83,4.75,4.772,60780.0,0.0,1.0,4.79,4.83,4.75,4.772,60780.0,1.0
PLX,PLX:IT,BBG0015NVG92,2018-09-04,1.7619999999999998,1.757,1.69,1.719,299950.0,0.0,1.0,1.7619999999999998,1.757,1.69,1.719,299950.0,1.0
BCOM,BCOM:IT,BBG000PS9206,2018-09-04,35.04,35.9,33.93,34.37,38231.0,0.0,1.0,35.04,35.9,33.93,34.37,38231.0,1.0
EVGN,EVGN:IT,BBG000PPN4T1,2018-09-04,9.939,10.17,9.926,10.14,14458.0,0.0,1.0,9.939,10.17,9.926,10.14,14458.0,1.0
AZRM,AZRM:IT,BBG000FJTV38,2018-09-04,3.676,3.7560000000000002,3.6439999999999997,3.67,49699.0,0.0,1.0,3.676,3.7560000000000002,3.6439999999999997,3.67,49699.0,1.0
SUNY,SUNY:IT,BBG000G28DN5,2018-09-04,2.6689999999999996,2.799,2.636,2.688,1276.0,0.0,1.0,2.6689999999999996,2.799,2.636,2.688,1276.0,1.0
OVRS,OVRS:IT,BBG00FJNN802,2018-09-04,5.428,5.482,5.42,5.438,168956.0,0.0,1.0,5.428,5.482,5.42,5.438,168956.0,1.0
MLD,MLD:IT,BBG000QMC927,2018-09-04,1.137,1.131,1.1,1.121,35280.0,0.0,1.0,1.137,1.131,1.1,1.121,35280.0,1.0
RTPT.L,RTPT.L:IT,BBG00FWH5LP4,2018-09-04,1.649,1.7,1.58,1.645,734894.0,0.0,1.0,1.649,1.7,1.58,1.645,734894.0,1.0
RTPT.WL1,RTPT.WL1:IT,BBG00FWKLVD0,2018-09-04,0.5710000000000001,0.58,0.54,0.557,236449.0,0.0,1.0,0.5710000000000001,0.58,0.54,0.557,236449.0,1.0
RTPT.WL2,RTPT.WL2:IT,BBG00FWKLXN5,2018-09-04,0.835,0.8420000000000001,0.835,0.838,20696.0,0.0,1.0,0.835,0.8420000000000001,0.835,0.838,20696.0,1.0
MDPR,MDPR:IT,BBG000FKJK21,2018-09-04,4.729,4.729,4.649,4.699,1160.0,0.0,1.0,4.729,4.729,4.649,4.699,1160.0,1.0
YBOX.W1,YBOX.W1:IT,BBG00G3SC7W5,2018-09-04,0.21600000000000003,,,0.21600000000000003,0.0,0.0,1.0,0.21600000000000003,,,0.21600000000000003,0.0,1.0
NVLG,NVLG:IT,BBG00G2BYVT0,2018-09-04,1.273,1.295,1.26,1.2830000000000001,205352.0,0.0,1.0,1.273,1.295,1.26,1.2830000000000001,205352.0,1.0
TCLT.147,TCLT.147:IT,BBG00G3NN148,2018-09-04,86.9,86.81,86.43,86.54,2184.0,0.0,1.0,86.9,86.81,86.43,86.54,2184.0,1.0
MNPR.W2,MNPR.W2:IT,BBG00G5CJRV8,2018-09-04,0.3,,,0.3,0.0,0.0,1.0,0.3,,,0.3,0.0,1.0
MNPR,MNPR:IT,BBG00G3WF8Q8,2018-09-04,4.202,4.196000000000001,4.187,4.191,7618.0,0.0,1.0,4.202,4.196000000000001,4.187,4.191,7618.0,1.0
MNRT,MNRT:IT,BBG00GFJZ533,2018-09-04,1.51,1.536,1.49,1.5,86285.0,0.0,1.0,1.51,1.536,1.49,1.5,86285.0,1.0
OPAL.W3,OPAL.W3:IT,BBG00GH37RV8,2018-09-04,0.105,,,0.105,0.0,0.0,1.0,0.105,,,0.105,0.0,1.0
SCC.C17,SCC.C17:IT,BBG00GNRD399,2018-09-04,0.85,0.85,0.84,0.8490000000000001,308096.0,0.0,1.0,0.85,0.85,0.84,0.8490000000000001,308096.0,1.0
LSCO,LSCO:IT,BBG00GNT58X6,2018-09-04,5.145,,,5.145,0.0,0.0,1.0,5.145,,,5.145,0.0,1.0
TLRD,TLRD:IT,BBG00GM9QQP7,2018-09-04,3.028,3.057,3.01,3.04,5092.0,0.0,1.0,3.028,3.057,3.01,3.04,5092.0,1.0
MSAH.C5,MSAH.C5:IT,BBG00GXNHJ43,2018-09-04,0.924,,,0.924,0.0,0.0,1.0,0.924,,,0.924,0.0,1.0
SNCM.W3,SNCM.W3:IT,BBG00H1LS8L3,2018-09-04,0.024,,,0.024,0.0,0.0,1.0,0.024,,,0.024,0.0,1.0
SNCM.W2,SNCM.W2:IT,BBG00H1LRGK7,2018-09-04,0.018000000000000002,0.018000000000000002,0.018000000000000002,0.012,100.0,0.0,1.0,0.018000000000000002,0.018000000000000002,0.018000000000000002,0.012,100.0,1.0
ARCS,ARCS:IT,BBG00GZSLWT9,2018-09-04,8.423,8.557,8.308,8.373,52546.0,0.0,1.0,8.423,8.557,8.308,8.373,52546.0,1.0
MLD.W2,MLD.W2:IT,BBG00H498HB0,2018-09-04,0.092,,,0.092,0.0,0.0,1.0,0.092,,,0.092,0.0,1.0
MLD.W1,MLD.W1:IT,BBG00H495Y62,2018-09-04,0.040999999999999995,0.040999999999999995,0.040999999999999995,0.023,100.0,0.0,1.0,0.040999999999999995,0.040999999999999995,0.040999999999999995,0.023,100.0,1.0
GKL,GKL:IT,BBG00H2Z7YF4,2018-09-04,1.837,1.837,1.837,1.837,2791.0,0.0,1.0,1.837,1.837,1.837,1.837,2791.0,1.0
ORMP,ORMP:IT,BBG000LRYR36,2018-09-04,18.09,19.33,18.14,18.79,10913.0,0.0,1.0,18.09,19.33,18.14,18.79,10913.0,1.0
TMRP,TMRP:IT,BBG00H1RPYS9,2018-09-04,18.76,18.91,18.64,18.79,22326.0,0.0,1.0,18.76,18.91,18.64,18.79,22326.0,1.0
MRIN,MRIN:IT,BBG00H8NYBX5,2018-09-04,4.867,4.867,4.6,4.66,47367.0,0.0,1.0,4.867,4.867,4.6,4.66,47367.0,1.0
VNTZ.C1,VNTZ.C1:IT,BBG00HDPMRR9,2018-09-04,1.0979999999999999,,,1.0979999999999999,0.0,0.0,1.0,1.0979999999999999,,,1.0979999999999999,0.0,1.0
BNRG,BNRG:IT,BBG00H8SYWK2,2018-09-04,11.35,11.4,11.25,11.37,627.0,0.0,1.0,11.35,11.4,11.25,11.37,627.0,1.0
OPCE,OPCE:IT,BBG00H50SMD3,2018-09-04,19.49,19.62,19.07,19.45,28055.0,0.0,1.0,19.49,19.62,19.07,19.45,28055.0,1.0
KBT50.34,KBT50.34:IT,BBG000GLRCX3,2018-09-04,28.03,,,28.03,0.0,0.0,1.0,28.03,,,28.03,0.0,1.0
NVPT.L,NVPT.L:IT,BBG00HVTRLX2,2018-09-04,11.58,12.34,11.59,12.09,22009.0,0.0,1.0,11.58,12.34,11.59,12.09,22009.0,1.0
KSM35.9,KSM35.9:IT,BBG000C2YQP9,2018-09-04,166.3,166.1,164.3,164.3,7248.0,0.0,1.0,166.3,166.1,164.3,164.3,7248.0,1.0
CHR.W5,CHR.W5:IT,BBG00J36TB87,2018-09-04,0.1,,,0.1,0.0,0.0,1.0,0.1,,,0.1,0.0,1.0
INFR.W1,INFR.W1:IT,BBG00J5JL445,2018-09-04,1.42,,,1.42,0.0,0.0,1.0,1.42,,,1.42,0.0,1.0
DUNI.C1,DUNI.C1:IT,BBG00J34X893,2018-09-04,1.02,1.0190000000000001,1.018,1.018,15000.0,0.0,1.0,1.02,1.0190000000000001,1.018,1.018,15000.0,1.0
PFLT,PFLT:IT,BBG001LV74X3,2018-09-04,49.66,,,49.66,0.0,0.0,1.0,49.66,,,49.66,0.0,1.0
CMCTP,CMCTP:IT,BBG00JCCVJM8,2018-09-04,95.5,95.99,95.51,95.51,5205.0,0.0,1.0,95.5,95.99,95.51,95.51,5205.0,1.0
YAAC,YAAC:IT,BBG00JDHCVV0,2018-09-04,1.229,1.25,1.18,1.2009999999999998,84609.0,0.0,1.0,1.229,1.25,1.18,1.2009999999999998,84609.0,1.0
ELMR,ELMR:IT,BBG00JDY4R05,2018-09-04,6.507000000000001,6.52,6.4879999999999995,6.494,13705.0,0.0,1.0,6.507000000000001,6.52,6.4879999999999995,6.494,13705.0,1.0
HLMS,HLMS:IT,BBG00JH63TN4,2018-09-04,4.188,4.27,4.27,4.27,500.0,0.0,1.0,4.188,4.27,4.27,4.27,500.0,1.0
LUZN.C9,LUZN.C9:IT,BBG00JM8LYN3,2018-09-04,0.7140000000000001,,,0.7140000000000001,0.0,0.0,1.0,0.7140000000000001,,,0.7140000000000001,0.0,1.0
LUZN.W4,LUZN.W4:IT,BBG00JQ54YV5,2018-09-04,0.113,0.11,0.077,0.11,5001.0,0.0,1.0,0.113,0.11,0.077,0.11,5001.0,1.0
RVL.C2,RVL.C2:IT,BBG00JM8PJG0,2018-09-04,0.982,0.99,0.99,0.99,30931.0,0.0,1.0,0.982,0.99,0.99,0.99,30931.0,1.0
MCC,MCC:IT,BBG00JWNRTT8,2018-09-04,15.21,16.5,15.01,15.73,270.0,0.0,1.0,15.21,16.5,15.01,15.73,270.0,1.0
MTMY.C1,MTMY.C1:IT,BBG00JZ2B8T4,2018-09-04,0.961,0.9620000000000001,0.94,0.9620000000000001,176837.0,0.0,1.0,0.961,0.9620000000000001,0.94,0.9620000000000001,176837.0,1.0
OPCT,OPCT:IT,BBG000N6SWM5,2018-09-04,1.824,1.85,1.761,1.777,40071.0,0.0,1.0,1.824,1.85,1.761,1.777,40071.0,1.0
FRSX,FRSX:IT,BBG000BV2B47,2018-09-04,2.033,2.049,2.003,2.032,372857.0,0.0,1.0,2.033,2.049,2.003,2.032,372857.0,1.0
CTPL1,CTPL1:IT,BBG000G2HXQ8,2018-09-04,157.0,,,157.0,0.0,0.0,1.0,157.0,,,157.0,0.0,1.0
CTPL5,CTPL5:IT,BBG000G2K1G5,2018-09-04,606.5,,,606.5,0.0,0.0,1.0,606.5,,,606.5,0.0,1.0
APLP,APLP:IT,BBG000C5K582,2018-09-04,1.26,1.26,1.225,1.247,9325.0,0.0,1.0,1.26,1.26,1.225,1.247,9325.0,1.0
ISRO,ISRO:IT,BBG000JKVJ62,2018-09-04,59.9,61.08,59.01,59.91,1171.0,0.0,1.0,59.9,61.08,59.01,59.91,1171.0,1.0
PLCR,PLCR:IT,BBG000G2K8L4,2018-09-04,7.1770000000000005,7.105,7.105,7.164,49.0,0.0,1.0,7.1770000000000005,7.105,7.105,7.164,49.0,1.0
TOPS,TOPS:IT,BBG000C2VLL7,2018-09-04,3.2960000000000003,3.25,3.2489999999999997,3.25,14183.0,0.0,1.0,3.2960000000000003,3.25,3.2489999999999997,3.25,14183.0,1.0
DPRM,DPRM:IT,BBG000FGM6Y2,2018-09-04,5.891,6.36,5.602,5.934,1517230.0,0.0,1.0,5.891,6.36,5.602,5.934,1517230.0,1.0
HAIN,HAIN:IT,BBG000KT6FX7,2018-09-04,4.588,,,4.588,0.0,0.0,1.0,4.588,,,4.588,0.0,1.0
MDVI,MDVI:IT,BBG00191NXK5,2018-09-04,70.15,70.55,68.3,68.44,34450.0,0.0,1.0,70.15,70.55,68.3,68.44,34450.0,1.0
KMNK-M,KMNK-M:IT,BBG000NVX8Q3,2018-09-04,8.0,8.0,7.0,7.021,6061.0,0.0,1.0,8.0,8.0,7.0,7.021,6061.0,1.0
AFID-L,AFID-L:IT,BBG000FK6NC8,2018-09-04,,,,4.51,0.0,0.0,1.0,,,,4.51,0.0,1.0
GAON-M,GAON-M:IT,BBG000QXBBZ3,2018-09-04,0.45799999999999996,0.45799999999999996,0.45799999999999996,0.44799999999999995,580.0,0.0,1.0,0.45799999999999996,0.45799999999999996,0.45799999999999996,0.44799999999999995,580.0,1.0
PLCR.C2,PLCR.C2:IT,BBG00DHXCWX0,2018-09-04,1.01,,,1.01,0.0,0.0,1.0,1.01,,,1.01,0.0,1.0
PLAZ-L,PLAZ-L:IT,BBG000CDQ7T2,2018-09-04,1.431,,,1.431,0.0,0.0,1.0,1.431,,,1.431,0.0,1.0
HROD-L,HROD-L:IT,BBG000NT2TQ6,2018-09-04,1.107,,,1.107,0.0,0.0,1.0,1.107,,,1.107,0.0,1.0
APLP.W2,APLP.W2:IT,BBG00J36RDR4,2018-09-04,0.45299999999999996,,,0.45299999999999996,0.0,0.0,1.0,0.45299999999999996,,,0.45299999999999996,0.0,1.0
VTLC-M,VTLC-M:IT,BBG000G2R310,2018-09-04,0.733,,,0.733,0.0,0.0,1.0,0.733,,,0.733,0.0,1.0
BIMC.M,BIMC.M:IT,BBG000RKY150,2018-09-04,0.078,0.6990000000000001,0.078,0.095,1268.0,0.0,1.0,0.078,0.6990000000000001,0.078,0.095,1268.0,1.0
DLMT-M,DLMT-M:IT,BBG000FKMGQ0,2018-09-04,0.336,0.261,0.261,0.331,380.0,0.0,1.0,0.336,0.261,0.261,0.331,380.0,1.0
CLGN.W11,CLGN.W11:IT,BBG00HS6J294,2018-09-04,0.018000000000000002,,,0.018000000000000002,0.0,0.0,1.0,0.018000000000000002,,,0.018000000000000002,0.0,1.0
CLGN.W9,CLGN.W9:IT,BBG00CB818L1,2018-09-04,0.035,,,0.035,0.0,0.0,1.0,0.035,,,0.035,0.0,1.0
NTG.C3-L,NTG.C3-L:IT,BBG0088L7HW7,2018-09-04,1.03,,,1.03,0.0,0.0,1.0,1.03,,,1.03,0.0,1.0
ARK.C8-L,ARK.C8-L:IT,BBG007NLC552,2018-09-04,1.66,,,1.66,0.0,0.0,1.0,1.66,,,1.66,0.0,1.0
STCM.W2,STCM.W2:IT,BBG00K1XKGK1,2018-09-04,0.10300000000000001,,,0.10300000000000001,0.0,0.0,1.0,0.10300000000000001,,,0.10300000000000001,0.0,1.0
CLGN,CLGN:IT,BBG000G235L9,2018-09-04,0.39299999999999996,0.41,0.365,0.37,1846527.0,0.0,1.0,0.39299999999999996,0.41,0.365,0.37,1846527.0,1.0
INBR,INBR:IT,BBG000G1ZWB8,2018-09-04,1.6980000000000002,,,1.6980000000000002,0.0,0.0,1.0,1.6980000000000002,,,1.6980000000000002,0.0,1.0
EMTC.C3,EMTC.C3:IT,BBG00K4RJPV1,2018-09-04,1.0,1.0,1.0,1.0,827515.0,0.0,1.0,1.0,1.0,1.0,1.0,827515.0,1.0
FTAL,FTAL:IT,BBG00JVVZC91,2018-09-04,440.6,440.6,432.9,434.8,8039.0,0.0,1.0,440.6,440.6,432.9,434.8,8039.0,1.0
ANSL.W8,ANSL.W8:IT,BBG00K9F8P35,2018-09-04,3.108,,,3.108,0.0,0.0,1.0,3.108,,,3.108,0.0,1.0
ANSL.W9,ANSL.W9:IT,BBG00K9F8VZ7,2018-09-04,4.0,3.1,0.7,2.204,2147.0,0.0,1.0,4.0,3.1,0.7,2.204,2147.0,1.0
BNRG.W1,BNRG.W1:IT,BBG00K81PZK7,2018-09-04,2.3819999999999997,6.353,5.979,5.987,1265.0,0.0,1.0,2.3819999999999997,6.353,5.979,5.987,1265.0,1.0
UNCR-M,UNCR-M:IT,BBG000G2V306,2018-09-04,45.1,,,45.1,0.0,0.0,1.0,45.1,,,45.1,0.0,1.0
TAYA.OC2,TAYA.OC2:IT,BBG00K9P8957,2018-09-04,1.031,,,1.031,0.0,0.0,1.0,1.031,,,1.031,0.0,1.0
ELWS,ELWS:IT,BBG000M8Z5R8,2018-09-04,14.35,14.5,14.1,14.38,2065.0,0.0,1.0,14.35,14.5,14.1,14.38,2065.0,1.0
ADKA,ADKA:IT,BBG00KDGML77,2018-09-04,6.273,6.273,6.22,6.22,6535.0,0.0,1.0,6.273,6.273,6.22,6.22,6535.0,1.0
RANI,RANI:IT,BBG00KB2QWQ1,2018-09-04,2.3040000000000003,2.3040000000000003,2.2769999999999997,2.3,8863.0,0.0,1.0,2.3040000000000003,2.3040000000000003,2.2769999999999997,2.3,8863.0,1.0
PTX,PTX:IT,BBG000QG07T8,2018-09-04,0.77,0.77,0.77,0.755,2000.0,0.0,1.0,0.77,0.77,0.77,0.755,2000.0,1.0
KSMC.122,KSMC.122:IT,BBG0029T9BG1,2018-09-04,122.8,121.8,121.8,121.8,283.0,0.0,1.0,122.8,121.8,121.8,121.8,283.0,1.0
GPGB,GPGB:IT,BBG00KHD7M48,2018-09-04,6.877999999999999,6.98,6.947,6.962999999999999,1298.0,0.0,1.0,6.877999999999999,6.98,6.947,6.962999999999999,1298.0,1.0
PSG125.2,PSG125.2:IT,BBG000H2ZV27,2018-09-04,14.97,14.97,14.75,14.77,143070.0,0.0,1.0,14.97,14.97,14.75,14.77,143070.0,1.0
PSG35.1,PSG35.1:IT,BBG000H312P1,2018-09-04,16.71,16.73,16.52,16.57,66270.0,0.0,1.0,16.71,16.73,16.52,16.57,66270.0,1.0
PSG.SP1,PSG.SP1:IT,BBG000PSM764,2018-09-04,98.75,99.13,98.41,98.41,10570.0,0.0,1.0,98.75,99.13,98.41,98.41,10570.0,1.0
PSG.NS1,PSG.NS1:IT,BBG000VH3RL1,2018-09-04,57.22,57.58,57.18,57.2,1560.0,0.0,1.0,57.22,57.58,57.18,57.2,1560.0,1.0
P60.2,P60.2:IT,BBG000LZ87F8,2018-09-04,5.51,5.506,5.506,5.506,3178.0,0.0,1.0,5.51,5.506,5.506,5.506,3178.0,1.0
SPIR,SPIR:IT,BBG000M934Z5,2018-09-04,8.869,,,8.869,0.0,0.0,1.0,8.869,,,8.869,0.0,1.0
SCC.W8,SCC.W8:IT,BBG00KR6B4D7,2018-09-04,1.182,,,1.182,0.0,0.0,1.0,1.182,,,1.182,0.0,1.0
SCC.W7,SCC.W7:IT,BBG00KR6B358,2018-09-04,0.31,0.57,0.31,0.45399999999999996,2822.0,0.0,1.0,0.31,0.57,0.31,0.45399999999999996,2822.0,1.0
PT.WL9,PT.WL9:IT,BBG00KT9YJF9,2018-09-04,0.09,,,0.09,0.0,0.0,1.0,0.09,,,0.09,0.0,1.0
ROBO.W1,ROBO.W1:IT,BBG00KVGNDL8,2018-09-04,0.258,,,0.258,0.0,0.0,1.0,0.258,,,0.258,0.0,1.0
GBPR,GBPR:IT,BBG000NDFK22,2018-09-04,18.62,19.65,18.7,19.16,9957.0,0.0,1.0,18.62,19.65,18.7,19.16,9957.0,1.0
MDCL-M,MDCL-M:IT,BBG000PVPD52,2018-09-04,6.6,6.6,6.6,6.6,500.0,0.0,1.0,6.6,6.6,6.6,6.6,500.0,1.0
ICB,ICB:IT,BBG000Q6J658,2018-09-04,0.721,0.747,0.721,0.746,5001.0,0.0,1.0,0.721,0.747,0.721,0.746,5001.0,1.0
MCTC.W21,MCTC.W21:IT,BBG00L7XSB35,2018-09-04,0.182,0.175,0.174,0.175,9000.0,0.0,1.0,0.182,0.175,0.174,0.175,9000.0,1.0
GLRS,GLRS:IT,BBG00L2S9HC9,2018-09-04,558.1,566.1,555.7,556.6,592.0,0.0,1.0,558.1,566.1,555.7,556.6,592.0,1.0
DLRL,DLRL:IT,BBG00KSL8857,2018-09-04,10.77,10.81,10.75,10.77,728.0,0.0,1.0,10.77,10.81,10.75,10.77,728.0,1.0
CLBV,CLBV:IT,BBG00L7TXL81,2018-09-04,48.61,48.61,48.61,48.61,6.0,0.0,1.0,48.61,48.61,48.61,48.61,6.0,1.0
AMOT.W9,AMOT.W9:IT,BBG00L98Z5M2,2018-09-04,1.1,1.1,1.1,1.1,1063.0,0.0,1.0,1.1,1.1,1.1,1.1,1063.0,1.0
CEL.W1,CEL.W1:IT,BBG00LMSV2W3,2018-09-04,3.532,,,3.532,0.0,0.0,1.0,3.532,,,3.532,0.0,1.0
CEL.W2,CEL.W2:IT,BBG00LMSVBW3,2018-09-04,4.69,,,4.69,0.0,0.0,1.0,4.69,,,4.69,0.0,1.0
GDM.W3-M,GDM.W3-M:IT,BBG001V85526,2018-09-04,0.2,0.21,0.2,0.203,22514.0,0.0,1.0,0.2,0.21,0.2,0.203,22514.0,1.0
GODM-M,GODM-M:IT,BBG000G233V3,2018-09-04,0.4,0.41,0.4,0.40700000000000003,320746.0,0.0,1.0,0.4,0.41,0.4,0.40700000000000003,320746.0,1.0
PPIL-M,PPIL-M:IT,BBG000BBNJX9,2018-09-04,6.449,,,6.449,0.0,0.0,1.0,6.449,,,6.449,0.0,1.0
KRDI,KRDI:IT,BBG00LDPGPD6,2018-09-04,1.494,1.47,1.455,1.47,200153.0,0.0,1.0,1.494,1.47,1.455,1.47,200153.0,1.0
NVPT.WL2,NVPT.WL2:IT,BBG00LGPJ3H5,2018-09-04,1.8,,,1.8,0.0,0.0,1.0,1.8,,,1.8,0.0,1.0
MNGN,MNGN:IT,BBG000G2TZQ0,2018-09-04,15.53,,,15.53,0.0,0.0,1.0,15.53,,,15.53,0.0,1.0
LZNR,LZNR:IT,BBG000G2GCV9,2018-09-04,0.355,0.355,0.345,0.34700000000000003,10700.0,0.0,1.0,0.355,0.355,0.345,0.34700000000000003,10700.0,1.0
FCRE-L,FCRE-L:IT,BBG000HMYP81,2018-09-04,1.006,1.002,1.002,1.003,1437.0,0.0,1.0,1.006,1.002,1.002,1.003,1437.0,1.0
CMCT-L,CMCT-L:IT,BBG000BN7SF1,2018-09-04,57.12,,,57.12,0.0,0.0,1.0,57.12,,,57.12,0.0,1.0
GLTC,GLTC:IT,BBG000C19B18,2018-09-04,0.779,0.779,0.75,0.755,10360.0,0.0,1.0,0.779,0.779,0.75,0.755,10360.0,1.0
BLLCF,BLLCF:IT,BBG000FMPWR7,2018-09-04,5.05,5.309,4.82,4.898,96310.0,0.0,1.0,5.05,5.309,4.82,4.898,96310.0,1.0
IRI,IRI:IT,BBG00K86WR08,2018-09-04,1.7,,,1.7,0.0,0.0,1.0,1.7,,,1.7,0.0,1.0
ANCN,ANCN:IT,BBG003S3MDL0,2018-09-04,13.18,13.18,12.77,13.06,237.0,0.0,1.0,13.18,13.18,12.77,13.06,237.0,1.0
SFET,SFET:IT,BBG000C4GRH2,2018-09-04,1.122,1.123,1.103,1.11,51565.0,0.0,1.0,1.122,1.123,1.103,1.11,51565.0,1.0
